7.821549276e-07	3.542015644e-08	0.8788213993	0.1208845027	0.0002932804098	
7.121467933e-08	1.745585897e-05	0.0004869985664	0.9822243273	0.01727114708	
9.543168774e-07	9.674017354e-06	0.9316925904	0.06542689169	0.00286988953	
3.897792578e-06	2.262428996e-05	0.9982909055	4.448008842e-05	0.00163809229	
1.042845759e-06	1.538439498e-08	0.901551837	0.09604202082	0.002405083912	
3.349696949e-07	1.905365459e-06	0.9295207855	0.06846940303	0.002007571167	
2.169153725e-07	1.478727593e-05	0.891599019	0.1066619538	0.001724022983	
2.353123798e-08	1.511492963e-08	0.9468064993	0.0495917346	0.003601727483	
3.298720557e-08	1.981105304e-05	0.7895505364	0.2017697716	0.008659847999	
1.953384063e-05	0.0001402227392	0.0007116877101	0.9991254267	3.129053296e-06	
1.125572746e-07	1.783614295e-05	0.9115188101	0.08488620523	0.003577035947	
2.065188158e-08	1.030259805e-05	0.8480328238	0.149936528	0.002020325015	
2.254463248e-06	5.163109791e-05	0.0005333760048	0.9074810129	0.09193172551	
2.755978044e-05	2.610276479e-05	0.9308676657	0.05514328841	0.01393538338	
0.0001119408501	6.070735813e-05	0.9918800279	3.728110209e-05	0.007910042831	
3.031623845e-05	4.178613041e-08	0.9067302234	0.08148351374	0.0117559048	
6.333191466e-06	4.033824159e-05	0.9006043148	0.09088559309	0.008463420721	
0.0006685819294	0.0004484168666	0.0008427303109	0.9980222635	1.800738072e-05	
5.616505329e-06	5.131188982e-05	0.9596504246	0.02644615068	0.01384649631	
3.251601683e-06	4.814167693e-05	0.9110066781	0.0715672145	0.01737471413	
6.06418757e-07	2.826547284e-05	0.8615050281	0.1284912854	0.009974814625	
1.957198928e-06	0.01003366826	0.0004023439571	0.349474263	0.6400877676	
2.037245377e-06	1.519897127e-05	0.0003708484265	0.4886535922	0.5109583232	
3.405368544e-06	1.263072102e-05	0.0002381616521	0.8610647931	0.1386810091	
5.15011081e-08	0.005843306577	0.0001110405961	0.016144053	0.9779015483	
4.516060981e-08	1.46700523e-05	0.0003826121247	0.2478796448	0.7517230278	
2.232713033e-08	0.006781182807	0.0001125251991	0.3556804768	0.6374257929	
7.306607311e-06	0.02652510334	5.605315595e-08	0.9733402502	0.0001272837818	
1.817493732e-07	0.01456501071	0.0003099184739	0.3569875062	0.6281373829	
3.354739165e-08	0.008463624754	0.0002900642938	0.6343415035	0.3569047739	
0.0001192119657	0.01447201988	0.9178307286	1.761188464e-05	0.0675604277	
3.301229977e-05	1.018566033e-05	0.8579278325	0.03936008751	0.102668882	
1.06082955e-05	0.001262035136	0.8849190626	0.02807215141	0.08573614252	
1.81978658e-06	0.008538962642	0.5601541355	0.002835560903	0.4284695212	
7.038680917e-06	0.01003557338	0.8697108391	0.04480737962	0.0754391692	
6.928834547e-07	9.308390876e-06	0.8380713595	0.01890443835	0.1430142008	
8.581680938e-07	0.0107792232	0.617463263	0.06795509192	0.3038015637	
0.001227566437	0.1843015041	0.001344470216	0.81286129	0.0002651692894	
5.801462186e-06	0.01186440242	0.8613041699	0.01211768335	0.1147079429	
3.340278089e-06	0.01107039374	0.8131656881	0.03261258623	0.1431479917	
0.0001378621224	2.435568484e-05	0.9398927302	2.735951971e-05	0.05991769247	
4.332290004e-05	0.002951109571	0.9480556174	1.908230545e-05	0.04893086782	
8.59531986e-06	0.02309344237	0.6940767308	2.229275784e-06	0.2828190022	
4.074426529e-06	0.02930377481	0.7690659863	5.370310116e-05	0.2015724613	
0.01144249165	0.9836632682	0.003287646674	0.001261174771	0.0003454187355	
2.331938439e-05	0.02730658945	0.9082272299	8.107415837e-06	0.06443475381	
1.195876936e-05	2.070419799e-06	0.8833544844	0.04251029367	0.07412119278	
2.196657196e-06	1.500006107e-05	0.5987423287	0.004597887442	0.3966425871	
7.898914073e-07	1.54428657e-08	0.8460164036	0.02894999572	0.1250327953	
9.852080867e-07	1.800898156e-05	0.6277074945	0.1047985165	0.2674749948	
0.00112125203	0.0002449814498	0.001087426741	0.997360594	0.0001857458161	
6.691740758e-06	1.991560918e-05	0.8797287351	0.01877581372	0.1014688438	
3.823272652e-06	1.84400374e-05	0.8241803895	0.05014358867	0.1256537585	
7.399617719e-07	0.001948284844	0.6473958681	0.003437598454	0.3472175086	
2.548792958e-06	0.002039125635	0.8951415459	0.04837490971	0.05444187002	
2.54413261e-07	1.917841351e-06	0.8746496041	0.0206952498	0.1046529739	
3.340292105e-07	0.002354279716	0.6831196184	0.07886084526	0.2356649226	
0.0004847256073	0.04083554441	0.001508952935	0.9569621037	0.0002086733745	
2.133280999e-06	0.002448020109	0.900203506	0.01328487704	0.08406146362	
2.464528079e-07	0.001442887532	0.8646985116	0.06906340706	0.06479494733	
2.493690519e-06	2.266193081e-05	0.610416852	0.2796299459	0.1099280465	
1.755955053e-06	1.325540027e-05	0.7374218231	0.2337177883	0.0288453773	
2.392051202e-05	0.0003196543294	0.8593703765	0.1198834338	0.02040261492	
0.008558257028	3.416611401e-05	0.9240183009	0.06735716017	3.211578601e-05	
0.01317926894	0.0001316423288	0.9850904498	0.0001392669169	0.001459372043	
2.374012061e-06	6.185419478e-05	0.4469933013	0.5499458655	0.002996604989	
0.008646158469	3.357419724e-05	0.5820584133	0.4085938148	0.0006680392578	
0.01619552409	0.0001520751618	0.0002790574935	0.977231002	0.006142341208	
2.092219996e-06	5.314434054e-05	0.6582761139	0.3409586393	0.0007100102231	
1.889397171e-06	7.265488199e-06	0.4818677897	0.5181097643	1.32911418e-05	
5.099576962e-07	0.0160917173	0.6608767188	0.005699125126	0.3173319288	
3.506653806e-08	0.009748220048	0.2646271197	0.004874816874	0.7207498083	
3.631060144e-07	0.01643460144	0.5653992449	0.001331469888	0.4168343207	
1.948586424e-07	0.01429280425	0.4975294473	0.003339935354	0.4848376183	
4.761463551e-08	0.01099506984	0.6164538252	0.007856753466	0.3646943039	
2.165767855e-07	0.01829408079	0.6560695436	0.1230033852	0.2026327738	
0.0001734576739	0.1751301744	0.000799832251	0.8237975091	9.902660316e-05	
1.41633869e-06	0.01947866148	0.8852897104	0.021218016	0.07401219579	
1.589826355e-07	0.01115510025	0.8262401515	0.1071746566	0.05542993264	
1.995745068e-08	1.588427004e-05	0.5918071962	0.04857978008	0.3595971195	
1.390948804e-07	1.802464186e-05	0.8510726738	0.00893087721	0.1399782853	
7.990675257e-08	1.678073658e-05	0.8017081873	0.0239820849	0.1742928672	
1.653491142e-08	1.093173678e-05	0.8411930579	0.0477737795	0.1110222143	
1.470190404e-05	0.1307691298	0.0003947609021	0.868544175	0.0002772323906	
1.762640906e-07	0.0213560055	0.6415600279	0.03284678519	0.3042370051	
9.279213218e-08	0.01821962244	0.5538114664	0.08082778199	0.3471410364	
1.969168585e-08	0.01217225025	0.5959291887	0.1651264633	0.2267720781	
0.0003317761176	0.4804742004	0.001838171353	0.5170064272	0.0003494249335	
0.0001036989035	0.2433723053	0.0009420899556	0.7553451888	0.0002367170521	
1.289244477e-05	0.09525593094	0.0005939015496	0.9040466804	9.059464726e-05	
6.687254228e-07	0.02137811234	0.823529095	0.01536490341	0.1397272205	
1.387067958e-07	0.01395979417	0.8661434438	0.03068061163	0.0892160117	
7.793993467e-08	0.01271198445	0.7980488146	0.08058362372	0.1086554993	
0.3350072837	0.002904045763	2.098792914e-07	0.008805823188	0.6532826375	
0.0002807159213	0.002190396204	0.0001420138554	0.0001662903515	0.9972205837	
0.008611018049	0.003093803412	0.000118010448	0.0308814129	0.9572957552	
0.719991586	0.005924615631	0.0002430653729	0.2223330073	0.05150772574	
0.0004691443752	0.004431344902	7.460410967e-05	0.2730031675	0.7220217391	
0.9929505159	0.005462269578	0.0003067563472	0.000489247165	0.0007912109687	
0.0006861959754	0.00643867856	0.0001892376142	0.5038106471	0.4888752407	
0.003097547766	0.004204591088	1.193648458e-07	0.3229362873	0.6697614545	
0.2503898094	2.289142843e-07	6.741937443e-05	0.03336343612	0.7161791062	
0.1075838278	0.0114530798	0.0001969040056	0.8794062259	0.001359962446	
0.874628297	0.005904377608	0.0002143396022	0.1181535061	0.001099479756	
0.2411762714	0.003190076417	3.250883784e-05	0.1693381278	0.5862630156	
0.3889724355	0.003303441294	8.011299947e-08	0.0001931350534	0.6075309081	
0.2373569735	0.0008445300986	0.0001007504802	0.1168789778	0.6448187682	
0.2815803549	0.003434486431	8.340491658e-07	0.07574127611	0.6392430485	
0.2766671447	0.001414862048	0.0002821592821	0.0655505599	0.6560852741	
1.087528077e-05	0.9496842077	5.028522958e-05	3.406012801e-07	0.05025429123	
0.0002399918951	0.9649790727	3.006068145e-05	4.550352377e-05	0.03470537121	
0.01072924665	0.9880640395	3.310557906e-05	0.0001751666976	0.000998441601	
9.281241318e-06	0.9811111461	1.348958502e-05	0.0002855439932	0.01858053908	
9.43580256e-06	0.9908559639	2.378342678e-05	0.0003662720771	0.008744544786	
6.460423558e-05	0.98140858	2.275389281e-08	0.0003560947901	0.01817069819	
0.2109552697	0.002158389044	0.0005191522424	0.00148610773	0.7848810813	
0.0008383160464	0.9987715861	1.402334519e-05	0.0003622898063	1.37846641e-05	
0.0130615001	0.9867945989	2.925554824e-05	9.328717447e-05	2.135822989e-05	
0.006568992566	0.9724076918	8.092858083e-06	0.0002438511114	0.02077137166	
0.01019606311	0.9690883823	1.919344655e-08	2.676582194e-07	0.02071526777	
0.02253101143	0.8971745168	8.741019787e-05	0.0005865714062	0.07962049016	
0.007118936441	0.9717569906	1.927261752e-07	0.0001012397754	0.02102264045	
2.510093413e-07	0.9084847267	0.02538869995	1.07256256e-06	0.06612524976	
7.84339878e-08	0.8820924027	0.09342238571	7.827898514e-06	0.02447730526	
1.168820326e-05	0.968880123	0.02912245935	4.30045456e-06	0.001981429008	
1.000265661e-08	0.9517742075	0.01173967888	6.935321821e-06	0.03647916827	
1.733133605e-05	0.9604330563	0.03951687696	1.017472879e-08	3.272521772e-05	
1.017836283e-08	0.9620907467	0.0207167605	8.904041784e-06	0.01718357854	
7.048818106e-08	0.9638547431	2.004745986e-05	8.755989377e-06	0.03611638294	
0.0001139542522	0.001049485183	0.226455683	1.809150701e-05	0.772362786	
9.208369925e-07	0.987523829	0.01243869836	8.968408627e-06	2.758344393e-05	
1.43230123e-05	0.9740348533	0.02590585204	2.305406645e-06	4.266619227e-05	
7.14267728e-06	0.9517372557	0.007105792405	5.97545929e-06	0.0411438338	
1.1203595e-05	0.9585057004	1.703045248e-05	6.628110885e-09	0.0414660589	
2.201925872e-05	0.7892332303	0.06898146967	1.291894918e-05	0.1417503618	
7.795832763e-06	0.9578808672	0.0001704262288	2.498520208e-06	0.04193841218	
1.784204514e-06	0.9239256001	0.05756964852	0.001078023381	0.0174249438	
0.0002568793985	0.9804696342	0.01733851325	0.0005721877286	0.001362785429	
2.206821989e-07	0.9668708251	0.007016337112	0.0009263203768	0.0251862967	
0.0003824883433	0.9759685919	0.02362495894	1.359413752e-06	2.260144207e-05	
1.54699551e-06	0.9740178591	1.191885095e-05	0.001163377424	0.02480529768	
0.003726787977	0.001580385524	0.2006271303	0.00358196676	0.7904837295	
2.007773752e-05	0.9914302827	0.007346986427	0.001183831955	1.882122767e-05	
0.000314233184	0.983953919	0.0153963526	0.0003062018977	2.929334805e-05	
0.0002465375423	0.971187184	1.015205904e-05	8.829946715e-07	0.02855524337	
0.0005151286597	0.850160578	0.04371673794	0.00182971254	0.1037778429	
0.0001715420286	0.9705146777	0.0001015890148	0.0003328384956	0.02887935278	
0.000363036537	0.8611503023	0.0740242466	0.0006204430099	0.06384197153	
7.865215983e-05	0.9328193885	0.06251573051	0.004091928706	0.0004943001305	
7.031575309e-08	0.9572730323	0.02632642301	0.006893736648	0.009506737693	
0.0001155111883	0.9158486886	0.08401812553	9.588830628e-06	8.085816174e-06	
5.017406791e-07	0.9816105531	4.552193633e-05	0.008812903874	0.009530519393	
5.072411261e-05	0.9670192516	0.01609771782	0.006000335297	0.01083197122	
0.0001550335171	0.7950471561	0.1549364901	0.01286177455	0.03699954575	
5.607734734e-05	0.9858278134	0.0003910747233	0.002541315655	0.01118371889	
0.001733308999	0.1022118492	0.1148770852	0.7367577887	0.04441996788	
0.0005010533111	0.602632374	0.3960990853	1.490883e-05	0.0007525786534	
9.846001927e-06	0.9879969725	0.007711391885	0.003558669776	0.0007231197922	
0.01640362176	0.9586320139	0.02495872052	5.020038639e-06	6.237506514e-07	
9.849217124e-06	0.981786253	0.01337758221	0.004491459496	0.0003348560576	
6.898217119e-05	0.9947392865	1.309217821e-05	0.004466859543	0.0007117796531	
0.3913754274	0.003801162679	0.5190130088	0.03239024845	0.05342015259	
0.0008725714305	0.986831358	0.007865478851	0.004430065366	5.263655833e-07	
0.01351221145	0.9690444332	0.01630879782	0.001133746929	8.105815575e-07	
0.007006021345	0.9844748451	0.004651092141	0.003055330776	0.0008127106467	
0.01095311039	0.9882160188	1.111061887e-05	3.377896542e-06	0.0008163823148	
0.007641377736	0.9901426756	0.0001114750276	0.001276640259	0.000827831414	
1.474893966e-05	0.9893939756	0.01057070458	8.505752927e-06	1.206509848e-05	
8.572428153e-09	0.9808788495	0.00548454162	0.007366721998	0.006269878268	
5.918285037e-08	0.9796356238	5.290923619e-06	0.007221808464	0.01313721762	
0.0002681586823	0.002989585961	0.1675086031	0.04182127203	0.7874123803	
7.621850477e-07	0.9894609466	0.003236273138	0.007292126947	9.891125834e-06	
1.204086822e-05	0.9912229353	0.00684563729	0.001903847443	1.553913699e-05	
6.063206712e-06	0.9779841656	0.001896035338	0.004982804	0.01513093183	
9.508418766e-06	0.9847341656	4.543281555e-06	5.525884849e-06	0.0152462568	
2.094693263e-05	0.9088589974	0.02062731734	0.01207274694	0.05841999139	
6.605392052e-06	0.9824738299	4.539051236e-05	0.00207960148	0.01539457275	
0.0001037175194	0.9998556327	1.801347285e-05	1.071622317e-05	1.192011845e-05	
0.450108277	0.002922487526	0.546225495	5.943768887e-05	0.0006843027867	
0.001306652724	0.987904345	0.01077840842	1.058506463e-05	8.779431891e-09	
0.01998075193	0.9579478154	0.02206874432	2.675011845e-06	1.335063287e-08	
0.01046588923	0.9831551683	0.006358137272	7.282610839e-06	1.352260514e-05	
0.01630868639	0.9836626276	1.513875102e-05	8.025129541e-09	1.35392574e-05	
0.03548078516	0.8965732584	0.06787740796	1.731483762e-05	5.123363949e-05	
0.01141045149	0.9884204103	0.0001523277503	3.041752594e-06	1.376869574e-05	
5.987971887e-08	0.9846184793	9.28364289e-06	0.009219085513	0.006153091667	
7.639127847e-07	0.9851481569	0.00562511728	0.009221372734	4.589181105e-06	
6.136199367e-06	0.983214892	0.003327718442	0.006362516091	0.007088737221	
9.650212441e-06	0.9928122283	7.99652473e-06	7.076009492e-06	0.007163048973	
6.700439457e-06	0.9900228462	7.984961605e-05	0.002661600125	0.007229003654	
0.000161628036	0.6530096009	0.3153873848	0.03139688017	4.450610207e-05	
8.719153531e-05	0.8813961952	0.1177854072	2.27406211e-05	0.0007084654251	
2.810475861e-08	0.7410691026	0.09563796534	0.1606897727	0.002603131278	
0.002256128725	0.003614596062	0.0003415162083	0.06303865145	0.9307491076	
5.311340336e-06	0.9908754698	5.465011316e-06	0.009104070042	9.683844575e-06	
8.431847625e-05	0.9975002246	1.161665314e-05	0.002388552299	1.528798399e-05	
4.223235144e-05	0.9789295199	3.200306007e-06	0.006218052095	0.01480699536	
6.618451494e-05	0.9850171895	7.663372434e-09	6.891084639e-06	0.01490972722	
0.0001485539188	0.9262685137	3.544937788e-05	0.01533936699	0.05820811603	
4.595694218e-05	0.9823137641	7.652790086e-08	0.002592210745	0.01504799169	
0.4977055598	0.003965639534	0.4791157022	0.01801937754	0.001193720965	
0.1569560715	0.002450387524	0.08310631073	0.02953537575	0.7279518545	
0.250565942	0.002511654796	0.0002027193577	3.334329543e-05	0.7466863406	
0.1252065834	0.0005258119403	0.20876674	0.01652364199	0.6489772227	
0.1841776215	0.0026514684	0.002142965485	0.01327734772	0.7977505969	
0.1041649537	0.0006287359268	0.4172990489	0.006614311527	0.4712929499	
0.001066580092	0.9895853718	0.006979123367	0.002368913409	1.13057331e-08	
0.0005452302778	0.9911871617	0.001962344889	0.006294087355	1.117582077e-05	
0.0008559751397	0.9991210565	4.707321095e-06	6.987728991e-06	1.127333065e-05	
0.001962832739	0.9598549809	0.02224625586	0.01589096701	4.496354137e-05	
0.000594570648	0.9967175647	4.70241844e-05	0.002629458709	1.138174024e-05	
0.008550374317	0.9856804363	0.004120518216	0.001631242299	1.742883589e-05	
0.0133299004	0.9866410275	9.815465788e-06	1.798383675e-06	1.74582934e-05	
0.02970590794	0.9211714441	0.04508040436	0.003974572371	6.767119361e-05	
0.00931201033	0.9898910581	9.861264159e-05	0.0006805920699	1.772688564e-05	
0.006731264768	0.9762135901	2.726268678e-06	4.720078361e-06	0.01704769883	
0.01477222162	0.8975514644	0.01233044522	0.01027283898	0.06507302982	
0.004687073572	0.9762513157	2.730102078e-05	0.001780501295	0.01725380845	
0.02888278524	0.8084707244	0.02231782061	0.1402883346	4.033522282e-05	
0.01058044032	0.9239759338	0.02121916598	0.003540240912	0.04068421899	
0.02334057048	0.9105551795	2.976882607e-05	1.14783175e-05	0.06606300289	
0.007293983531	0.9754519857	6.491711213e-08	1.959419394e-06	0.01725200639	
0.01679403551	0.9416580909	5.146321737e-05	3.973802171e-06	0.04149243662	
0.01627951275	0.9121114137	0.0002986047957	0.004337067259	0.06697340149	
0.01172444186	0.9441522629	0.000516700853	0.001502904349	0.04210369008	
0.3421225562	7.606137414e-05	6.487153004e-05	3.257758255e-06	0.6577332532	
0.5767302291	5.181741791e-05	0.001492825291	0.0004998211193	0.4212253071	
0.5669449618	2.952524846e-06	0.006198807801	2.823794345e-06	0.4268504541	
0.5282646591	0.0001661946798	8.587761828e-06	0.000594279913	0.4709662786	
0.7116358186	0.006688586885	0.009570372112	0.009595966923	0.2625092555	
0.5132266717	0.000218276861	0.002658839558	0.002136826717	0.4817593851	
0.0002259351886	0.001085336863	0.03185278714	4.798872685e-06	0.9668311419	
0.6415054527	0.001206741332	0.007286294753	2.696546786e-05	0.3499745457	
0.7471553811	7.429817348e-06	2.170470349e-05	0.07908047884	0.1737350055	
0.1658862408	5.29279816e-06	1.176299458e-05	1.345417124e-06	0.834095358	
0.1617205216	2.990816089e-07	4.84399478e-05	7.538101746e-09	0.8382307319	
0.1400997998	1.56521856e-05	6.239319297e-08	1.474964971e-06	0.8598830106	
0.2822191866	0.0009419655586	0.0001039749747	3.561411665e-05	0.7166992587	
0.11113742	2.291559145e-05	2.373873734e-05	7.792718913e-07	0.8888151464	
0.1340016629	2.023860544e-05	1.901797901e-05	5.221255825e-06	0.8659538593	
3.393695156e-05	5.789291541e-05	0.0001310713143	6.745790952e-09	0.9997770921	
0.3363364307	2.513732613e-07	0.001375232984	1.426840784e-06	0.6622866581	
0.3000547953	1.354748377e-05	1.824164938e-06	0.0002875077163	0.6996423253	
0.98416842	3.718956697e-07	0.008779081393	0.0007836193012	0.006268507431	
0.2474086257	2.061608475e-05	0.0007213997332	0.0001578876931	0.7516914708	
0.2889686797	1.763769235e-05	0.0005598462653	0.0010247556	0.7094290808	
8.891785646e-05	6.130023937e-05	0.004688000467	1.608621157e-06	0.9951601728	
0.4112878727	0.0001110330443	0.001746977799	1.47252593e-05	0.5868393912	
0.5888182804	8.403128429e-07	6.396749025e-06	0.05308222101	0.3580922615	
0.2938005752	7.68883104e-07	7.544790339e-06	1.617900658e-06	0.7061894932	
0.9576247417	2.097474369e-08	0.03608328015	4.382090414e-06	0.006287575099	
0.2412954305	1.165440375e-06	0.00297194823	8.849786972e-07	0.7557305708	
8.502781777e-05	3.397690586e-06	0.0189361069	8.840485197e-09	0.9809754588	
0.4017998372	6.287322074e-06	0.00720911976	8.267554761e-08	0.590984673	
0.9912121734	1.311537856e-06	5.553137696e-05	0.001024471622	0.007706512052	
0.4550987799	0.002149499062	1.437487112e-05	0.006784903266	0.5359524429	
0.2123216618	6.195097786e-05	3.888191176e-06	0.000175883603	0.7874366154	
0.2498995248	5.3409551e-05	3.040714234e-06	0.001150356798	0.7488936682	
7.317785873e-05	0.0001766507112	2.423095461e-05	1.718470556e-06	0.999724222	
0.3646036263	0.0003446591674	9.726456097e-06	1.69447684e-05	0.6350250433	
0.9636774186	2.353310173e-06	0.02589411701	0.0006633603313	0.009762750718	
0.9709994993	1.73686527e-06	0.0173358564	0.003714265163	0.007948642261	
0.001907621026	3.854086185e-05	0.9268277859	3.722556212e-05	0.07118882665	
0.957903263	7.578515303e-06	0.03749483248	3.69932998e-05	0.004557332741	
0.00016666842	0.01201987705	0.04565483066	4.691450797e-05	0.9421117094	
0.5644911868	0.01594178804	0.01245757194	0.0003144584495	0.4067949947	
0.6582770411	6.496497987e-05	0.1165450685	0.2156816428	0.009431282689	
0.5263165645	0.1226986457	0.0664433354	0.2844068536	0.0001346007759	
0.2497072744	0.1747005465	0.06058107901	0.5148884911	0.000122609022	
0.5068777914	0.169712929	2.422339378e-05	0.3064625097	0.01692254656	
0.6568744363	5.175654975e-05	0.006153225112	0.3326352106	0.004285371409	
0.2034942774	8.026736081e-05	0.001187572099	0.0006238839928	0.7946139991	
5.566222272e-05	0.0002479873478	0.008839933129	8.705775268e-07	0.9908555467	
0.3045055266	0.00053124801	0.00389606716	9.425281764e-06	0.6910577329	
6.899411148e-05	0.000225154505	0.00728043506	5.996461056e-06	0.9924194199	
0.3516478753	0.0004493758925	0.002989483249	6.048438158e-05	0.6448527812	
0.4515200023	3.050226851e-06	9.817517089e-06	0.1955523302	0.3529147998	
0.0001161894667	0.001677068211	0.02688038809	1.019523569e-07	0.9713262523	
0.02020217783	1.314515972e-08	8.218912431e-09	0.979775785	2.201577815e-05	
0.03020861524	2.109177026e-08	1.439216029e-08	0.9697800989	1.125035546e-05	
0.0175886204	1.191647695e-08	8.288056493e-09	0.9817851965	0.0006261629089	
0.02545073075	1.109837919e-08	1.083595952e-08	0.9715916744	0.002957572895	
0.03330964105	2.506831697e-08	8.513168628e-09	0.9659431793	0.0007471460588	
0.04523459087	1.122401223e-08	1.188015005e-08	0.9547217882	4.35978161e-05	
0.01607905098	1.106981312e-08	1.166859983e-08	0.9818135211	0.002107405182	
0.03755229792	1.385807011e-08	8.536280853e-09	0.9618047467	0.0006429329422	
0.014923325	1.402927614e-08	1.106823111e-08	0.9834127917	0.001663858213	
0.002142603495	1.046344997e-08	8.023396056e-09	0.9978156	4.177799848e-05	
0.07705660414	1.423671703e-06	2.892924595e-06	0.9148605563	0.008078522937	
0.007021873084	2.0196634e-08	1.116296651e-08	0.9929780808	1.471891977e-08	
0.00405049424	1.130493125e-08	6.368841228e-09	0.9959486765	8.11616966e-07	
0.005911471499	1.06193689e-08	8.398354338e-09	0.994084643	3.866502868e-06	
0.007767604341	2.408164365e-08	6.624297914e-09	0.9922313843	9.806413199e-07	
0.01064150974	1.087738541e-08	9.325797548e-09	0.9893584123	5.77277793e-08	
0.0444020545	6.250997703e-06	1.992406106e-07	0.9555914228	7.248456486e-08	
0.00381025383	1.322863559e-08	6.816109973e-09	0.996188586	1.140114974e-06	
0.003704028688	1.050504758e-08	8.969415698e-09	0.9962932194	2.732432918e-06	
0.008785623295	1.335619096e-08	6.664019088e-09	0.9912135101	8.466214631e-07	
0.003433135954	1.329549386e-08	8.496402941e-09	0.9965646878	2.15441446e-06	
0.0004872317707	9.801950334e-09	6.088124116e-09	0.9995126989	5.347231119e-08	
0.009252588315	1.678017556e-08	6.65420704e-09	0.9907473733	1.497262041e-08	
0.006106561707	1.828820972e-08	1.124418958e-08	0.9938929906	4.181570509e-07	
0.00890375583	1.716290845e-08	1.481326669e-08	0.991094222	1.99019465e-06	
0.01168836759	3.888368604e-08	1.167308445e-08	0.9883110776	5.042855576e-07	
0.01598951737	1.753764044e-08	1.640956609e-08	0.984010419	2.964261651e-08	
0.06559168626	9.90853862e-06	3.446692988e-07	0.9343980239	3.659239563e-08	
0.005745077447	2.140284809e-08	1.203531812e-08	0.9942543016	5.874761029e-07	
0.005585218543	1.699723934e-08	1.583831542e-08	0.9944133406	1.408039746e-06	
0.01321339646	2.155455417e-08	1.173700059e-08	0.9867861351	4.351417346e-07	
0.005177459212	2.151516566e-08	1.500513098e-08	0.9948213939	1.110336242e-06	
0.01391239346	2.707382699e-08	1.17169325e-08	0.9860875601	7.693713379e-09	
0.02807527529	2.292885418e-06	4.118715119e-06	0.9719126516	5.661522423e-06	
0.005139610803	9.613505175e-09	8.45733611e-09	0.9947505533	0.0001098177855	
0.009258761931	9.854228097e-09	9.398107677e-09	0.990739578	1.640794657e-06	
0.03880455771	5.688233754e-06	2.016797524e-07	0.961187483	2.069402265e-06	
0.003219561077	9.507553414e-09	9.030072604e-09	0.9967028329	7.758746225e-05	
0.00764199963	1.20966601e-08	6.713908681e-09	0.9923339245	2.405710815e-05	
0.002984040889	1.203279908e-08	8.553692458e-09	0.9969547651	6.11734163e-05	
0.0004233567858	8.86812584e-09	6.127159512e-09	0.9995751104	1.517817632e-06	
0.008048856867	1.519903059e-08	6.704587112e-09	0.9919506957	4.254891515e-07	
0.01633655169	1.29465069e-06	2.370412229e-06	0.9833448709	0.0003149123807	
0.009846087076	2.045758322e-08	8.78754144e-09	0.9900213317	0.0001325519483	
0.01348021862	9.234424396e-09	1.236319234e-08	0.9865119619	7.797904107e-06	
0.05573920414	5.258945398e-06	2.617498948e-07	0.9442455722	9.70292299e-06	
0.004834873786	1.12496215e-08	9.051462902e-09	0.9950108367	0.0001542692021	
0.004699213328	8.931830391e-09	1.190874307e-08	0.9949311082	0.000369657633	
0.01113365318	1.134329834e-08	8.837965397e-09	0.9887519193	0.0001144072997	
0.004356194941	1.130608907e-08	1.128242249e-08	0.9953522782	0.0002915042628	
0.02368005153	1.207864063e-06	3.1045047e-06	0.9748256177	0.001490018381	
0.0176706576	2.08911106e-08	9.728380924e-09	0.9823273388	1.973031516e-06	
0.07210568341	1.174095215e-05	2.032588273e-07	0.9278799496	2.422767139e-06	
0.00635584053	2.552241016e-08	7.142673399e-09	0.9936049826	3.914420166e-05	
0.006178759825	2.026807688e-08	9.399315867e-09	0.9937273947	9.38158435e-05	
0.01460659932	2.568305635e-08	6.960138635e-09	0.9853643969	2.897113561e-05	
0.005728029632	2.565702364e-08	8.905421385e-09	0.9941979509	7.398492124e-05	
0.0008145906868	1.895413133e-08	6.394291907e-09	0.9991835439	1.840062198e-06	
0.01537857979	3.225797034e-08	6.947913779e-09	0.9846208688	5.122129004e-07	
0.09647015558	5.179037307e-06	2.794492017e-07	0.9035242466	1.392815745e-07	
0.008712311293	1.153464721e-08	1.006123194e-08	0.9912853615	2.305612637e-06	
0.00847057106	9.161069101e-09	1.324151256e-08	0.9915238801	5.526447835e-06	
0.01996045994	1.1571519e-08	9.773931583e-09	0.9800378176	1.70116116e-06	
0.007853831749	1.159858078e-08	1.254760353e-08	0.9921417852	4.358911629e-06	
0.001118879657	8.583611694e-09	9.025398195e-09	0.9988809941	1.08601282e-07	
0.02100880812	1.452929235e-08	9.753704201e-09	0.9789911375	3.006728455e-08	
0.04208691762	1.221520329e-06	3.403619008e-06	0.9578864931	2.196417878e-05	
0.08086902579	6.456944355e-06	2.027556775e-07	0.9191222405	2.074044127e-06	
0.08483933895	8.081004112e-06	2.016775257e-07	0.9151523418	3.653851861e-08	
0.1594120121	0.0006372350078	6.600957347e-05	0.8398597082	2.503512476e-05	
0.3403034985	0.01816052401	0.001023531799	0.6405123635	8.21794332e-08	
0.1197890299	0.01918444978	0.0006923941606	0.8603340707	5.55398221e-08	
0.92009191	0.07501585504	0.004544431719	0.0003393343291	8.468873376e-06	
0.3723723174	0.0118025935	0.001656472955	0.6141662246	2.391530405e-06	
0.003028360557	1.112451088e-08	9.663455075e-09	0.9968626368	0.0001089818318	
0.007190212322	1.415798404e-08	7.186880269e-09	0.9927759653	3.380101694e-05	
0.002806806508	1.407912316e-08	9.153593322e-09	0.9971072448	8.592550303e-05	
0.0003981607919	1.037492705e-08	6.556037515e-09	0.9995996906	2.131685854e-06	
0.007573272507	1.778961327e-08	7.177144577e-09	0.9924261047	5.978462573e-07	
0.01537689933	1.515870932e-06	2.538414477e-06	0.9841764073	0.000442639084	
0.00699010046	1.124360703e-08	9.457780756e-09	0.9929288664	8.101247389e-05	
0.002728156595	1.117879432e-08	1.204357895e-08	0.9970659188	0.0002059014139	
0.0003870230735	8.238079047e-09	8.626347045e-09	0.9996078517	5.108365869e-06	
0.007362920004	1.412848329e-08	9.445508057e-09	0.9926356235	1.432967822e-06	
0.01494382633	1.203421603e-06	3.339355895e-06	0.9839911002	0.001060530651	
0.006480552809	1.42339057e-08	8.961323732e-09	0.9934555324	6.389157842e-05	
0.0009221976434	1.052202829e-08	6.438547745e-09	0.9990761953	1.59004961e-06	
0.01737662025	1.78729866e-08	6.982555472e-09	0.9826229131	4.417669233e-07	
0.0349301197	1.507795438e-06	2.444977196e-06	0.964742108	0.0003238195137	
0.006826267213	1.78862186e-08	8.949789345e-09	0.9931725758	1.13014125e-06	
0.01386546007	1.524684781e-06	3.166572729e-06	0.9852927844	0.0008370642295	
0.0009716238	1.322503471e-08	6.431784322e-09	0.9990283284	2.81321348e-08	
0.001987266987	1.135181816e-06	2.291475408e-06	0.9979883249	2.098146555e-05	
0.00456391294	2.685904687e-08	9.779577185e-08	0.9954359234	3.900564249e-08	
1.297472938e-06	3.943054547e-05	4.495242074e-05	0.9999051676	9.151989156e-06	
0.03674681521	1.892279462e-06	2.438730783e-06	0.9632431332	5.720586102e-06	
0.3513346467	5.728510422e-05	0.3005174398	0.3480879866	2.641888041e-06	
0.3150938609	3.137087151e-05	0.6393115435	0.04556016432	3.060480376e-06	
0.2972272123	6.131125139e-07	0.5439454555	0.1586741522	0.000152566759	
0.4531711407	5.70221558e-08	0.0009917121806	0.5458352962	1.793899651e-06	
0.1556450307	7.61598931e-05	0.2558499775	0.5884265849	2.247084467e-06	
0.4157380961	0.0001035620028	0.583958478	8.070925908e-05	0.0001191546381	
0.0001282207463	8.331456265e-05	0.4536843007	0.5456852534	0.0004189105568	
0.2061268274	2.582688232e-05	0.5400676408	0.2534310263	0.000348678591	
0.319124195	3.090427506e-05	0.4037201903	0.2770608907	6.381972865e-05	
0.4739170513	0.0001109793041	0.0001534540569	0.5253532961	0.0004652192679	
0.2041711361	2.417907329e-05	0.4835221555	0.3120926811	0.0001898482761	
0.0001017119598	9.754161575e-06	0.487476872	0.5124098099	1.851942423e-06	
0.3424189464	0.08053164303	0.49539268	0.08165667119	5.936711097e-08	
0.3134539617	0.00152738143	0.409034313	0.2759814718	2.871994384e-06	
0.3346322931	9.946524756e-05	0.0005221682316	0.6647460497	2.364515804e-08	
0.1045683306	0.1208685667	0.1225658531	0.6519972228	2.694776702e-08	
0.3860502847	0.2271677235	0.3866564117	0.0001236049774	1.975029001e-06	
9.026969649e-05	0.1385564449	0.2277490778	0.6335989433	5.264334268e-06	
0.1926041468	0.05700661177	0.3598309082	0.3905525176	5.815604551e-06	
0.2806856132	0.06420976969	0.253197891	0.4019057241	1.001967985e-06	
0.2957108985	0.1635795935	6.827513453e-05	0.5406360513	5.181567507e-06	
9.388663563e-05	0.1404921192	0.3958230454	0.4635894768	1.472027517e-06	
0.3881005004	5.052162224e-05	0.01756419109	0.594283458	1.328867516e-06	
0.1821676222	0.05096108042	0.3076184765	0.4592497972	3.023583545e-06	
8.365612816e-05	0.01895124796	0.2858899888	0.6950750799	2.718890324e-08	
0.2365837931	0.0007039221768	0.7323098449	0.03039963985	2.799954936e-06	
0.7729203757	0.0001402827235	0.002860890639	0.2240783804	7.054485674e-08	
0.2677277647	0.09619712109	0.6360608349	1.251015755e-05	1.769209407e-06	
0.0001258286544	0.1179316069	0.7530400958	0.1288929902	9.478448524e-06	
0.28666344	0.04004231535	0.6133892252	0.05990369775	1.321789288e-06	
8.594128025e-05	0.07852644197	0.8594547617	0.06193111461	1.740484656e-06	
0.7513660575	5.972423162e-05	0.08066022455	0.1679106706	3.323114326e-06	
0.1803641785	0.03080942829	0.7224626823	0.066359844	3.866849769e-06	
0.4822238065	1.813355899e-06	0.001609938652	0.5161621155	2.325953034e-06	
0.1453051695	0.002124834685	0.3643916923	0.4881757474	2.556122114e-06	
0.0001086436702	0.002109696888	0.5864583272	0.4108908345	0.0004324977246	
0.1640536906	0.0006142942988	0.6557479176	0.1792459601	0.0003381373634	
0.127644215	0.005823403847	0.8308074746	0.02954220161	0.006182704943	
0.2699294083	0.0007811996607	0.5209646046	0.2082590123	6.577514549e-05	
0.5015537924	0.003510024892	0.0002477597967	0.4940885085	0.0005999143786	
8.545705654e-05	0.001617808083	0.7708383498	0.2273669236	9.146143364e-05	
0.5202509757	8.567948986e-07	0.05037498592	0.4292515831	0.0001215985254	
0.1673360343	0.0005922264416	0.6045730498	0.2273090983	0.0001895912015	
8.479918197e-05	0.0002430315186	0.6200274739	0.3796428141	1.881323647e-06	
0.1164954669	0.0001039161106	0.0003493438049	0.8830512573	1.580425786e-08	
0.9966030737	0.0004525698631	0.002553749316	0.0003879230809	2.684072815e-06	
0.0001170725761	0.0001386757693	0.0007556914727	0.998984966	3.594174194e-06	
0.3645335006	6.43545214e-05	0.0008413023054	0.6345601575	6.850363378e-07	
0.3102626186	0.0001324499829	1.832733799e-07	0.6896018862	2.861974465e-06	
0.0001662275671	0.00019196051	0.001792978368	0.9978474615	1.372011248e-06	
0.3494434182	3.510513189e-08	4.046089802e-05	0.6505154559	6.298785494e-07	
0.2457368307	5.305158327e-05	0.001061661778	0.7531463088	2.147155548e-06	
9.890277952e-05	1.729056601e-05	0.0008647376859	0.999019052	1.692173529e-08	
0.2131311221	0.3763742983	0.4102320939	0.0002603921726	2.093472115e-06	
2.759444674e-05	0.1271091396	0.1337943453	0.739065831	3.08968266e-06	
0.1125635398	0.07727678393	0.1951367627	0.6150221421	7.714755074e-07	
3.181112833e-05	0.1428557083	0.2577376094	0.5993739135	9.575951426e-07	
0.1442917246	5.636958626e-05	0.01254951084	0.8431014464	9.48570503e-07	
0.06800597878	0.05709326388	0.2206936035	0.6542049867	2.167148083e-06	
2.567194247e-05	0.0174529612	0.1686014639	0.8139198869	1.601929387e-08	
0.000154018339	0.3611744955	0.6381173086	0.0002118265436	0.0003423510078	
0.2211571034	0.1000046925	0.6784958087	8.787193376e-05	0.0002545234651	
0.08671360386	0.4777404498	0.4331934238	7.298185136e-06	0.002345224364	
0.3532012765	0.1234420466	0.5232095229	9.909729168e-05	4.805666803e-05	
0.5415558301	0.4576831451	0.0002053297667	0.0001940065485	0.0003616885538	
0.0001085541257	0.2481729314	0.7515486131	0.0001050295752	6.487183539e-05	
0.9302775482	0.0001850143925	0.06913690514	0.0002791241805	0.0001214081165	
0.2380073908	0.1017226745	0.6600017926	0.0001175719467	0.000150570165	
3.435292076e-05	0.4936855846	0.4323063276	0.06338283889	0.01059089602	
9.262387979e-05	0.08443953213	0.3456285821	0.5696956051	0.0001436568157	
9.933090737e-05	0.2189717488	9.486945082e-05	0.7800778315	0.000756219388	
2.241132101e-08	0.1336464827	0.3908512505	0.4753495759	0.0001526684103	
0.0001477588426	7.66528763e-05	0.02766203851	0.9718937331	0.0002198166264	
5.28052192e-05	0.05886893479	0.3688627734	0.5718346863	0.0003808002357	
1.971224548e-08	0.01779582159	0.2786660337	0.7035353414	2.783553692e-06	
0.07255676162	0.2010664063	0.6761203417	0.038674727	0.01158176334	
0.1749279321	0.03075083113	0.4833525678	0.3108281969	0.0001404721366	
0.2703777109	0.1149342371	0.0001912190065	0.6134310666	0.001065766465	
4.951466947e-05	0.05693755423	0.6394345826	0.3034037087	0.0001746398582	
0.3289766174	3.290901262e-05	0.04560515314	0.6251319244	0.0002533960538	
4.772361695e-05	0.008307878603	0.4995735948	0.4920673138	3.489189959e-06	
0.1244327693	0.2665126055	0.5598710062	0.04683541393	0.002348205062	
0.1480694929	0.7668835316	0.0001705195204	0.07116047166	0.01371598432	
2.745679403e-05	0.3846803848	0.5773782303	0.03563815201	0.002275776135	
0.07817138328	0.2047468663	0.6584189234	0.05180374276	0.006859084321	
4.683074064e-05	0.09932832441	0.7982620692	0.1022823133	8.046231367e-05	
0.3411293139	0.112077629	0.0001164893738	0.5465175979	0.0001589698126	
8.731674979e-05	0.07760395383	0.5444611512	0.377811169	3.640923089e-05	
0.4151217422	3.20956862e-05	0.02778634779	0.5570220124	3.780199797e-05	
0.1702623766	0.02828943206	0.4252378902	0.3761351438	7.515731669e-05	
8.018707661e-05	0.01078903333	0.4053009337	0.5838291528	6.931067064e-07	
0.0001302333925	0.2798913489	0.0002078485466	0.7195040082	0.0002665608932	
0.3684680344	6.888931032e-05	6.312641227e-06	0.6312920615	0.0001647021352	
0.2366697578	0.09508874996	0.0001512903866	0.6675773931	0.0005128088118	
4.906613977e-05	0.05332792146	0.5727334172	0.3737944662	9.512899895e-05	
2.015696785e-08	0.01774069318	0.4761631638	0.5060953577	7.652430315e-07	
0.2866715025	2.710454901e-05	0.03592045309	0.6772595616	0.0001213782546	
0.000124364367	9.521957596e-06	0.03153647926	0.9683286033	1.031087388e-06	
4.455052737e-05	0.007330227971	0.4215289138	0.5710945173	1.790464281e-06	
