1.115981742e-08	1.264393315e-08	0.9195193445	0.08043494441	4.568725386e-05	
5.141878535e-08	3.330438062e-06	0.000778694889	0.9916775405	0.007540382764	
1.279369818e-08	2.91595836e-06	0.9583846379	0.04104330506	0.0005691283267	
5.522899779e-08	1.868782841e-05	0.999696818	3.040002652e-05	0.0002540389441	
1.280385014e-08	1.270245548e-08	0.9423245252	0.0571613056	0.0005141437378	
1.037182626e-08	4.149936366e-07	0.9614720562	0.03821616011	0.0003113583447	
1.024387777e-08	4.040938299e-06	0.9490570889	0.05065575473	0.0002831052249	
1.016064442e-08	1.194803594e-08	0.9812433017	0.01802861389	0.0007280622511	
1.32836035e-08	3.357458612e-06	0.9213659359	0.07737271024	0.001257983095	
2.056529812e-07	0.0001177741753	0.001550329517	0.998330507	1.183673341e-06	
1.160511536e-08	5.147963202e-06	0.9449792635	0.05425909746	0.0007564795071	
1.070999197e-08	1.888401559e-06	0.9219804121	0.07759825998	0.0004194287876	
5.621734397e-08	3.445137651e-06	0.0007097797169	0.9429366271	0.05635009185	
1.52562151e-08	3.289945684e-06	0.9527924265	0.04256538306	0.004638885258	
6.612478225e-08	2.116959932e-05	0.9978681308	3.165443551e-05	0.002078979073	
1.526377427e-08	1.432734576e-08	0.9365470438	0.05926346099	0.004189465608	
1.22356043e-08	4.566673503e-06	0.9450637898	0.05262030297	0.002311328352	
2.364783138e-07	0.0001281336184	0.001486237027	0.9983760895	9.303383065e-06	
1.239003427e-08	8.84177678e-06	0.9774726891	0.01910469615	0.003413760586	
1.381249634e-08	5.79715424e-06	0.9376758757	0.05616409917	0.006154214197	
1.27650896e-08	2.129539893e-06	0.916144897	0.08043595517	0.003417005545	
5.440302498e-08	0.0006706862759	0.0006244767472	0.406156847	0.5925479356	
4.942575923e-08	2.652232561e-06	0.0005573945805	0.5134987758	0.485941128	
8.801875337e-07	2.139041881e-06	0.0003417938318	0.9387429599	0.06091222709	
2.522041624e-08	0.0001723669227	0.0002589100398	0.005268994356	0.9942997035	
4.610789258e-08	2.932659854e-06	0.0006823075943	0.1903885661	0.8089261475	
2.719886526e-08	0.0003718405114	0.0002890789803	0.3686779783	0.630661075	
8.826588145e-08	0.00273412949	1.019603574e-07	0.997141293	0.0001243873053	
3.720655638e-08	0.0008927227494	0.0004642391615	0.404824777	0.5938182238	
3.777506365e-08	0.0003602645783	0.0004982958088	0.6369312366	0.3622101653	
7.079101621e-08	0.004559179017	0.9712409977	1.508366967e-05	0.02418466886	
1.653041862e-08	3.121388128e-06	0.9221285669	0.02856718687	0.0493011083	
1.352686475e-08	0.0001030149307	0.9504434747	0.0192935004	0.03015999646	
1.592397088e-08	0.0003829646802	0.8086232944	0.0005533812227	0.1904403438	
1.346541722e-08	0.001011007713	0.9455739005	0.02577545161	0.02763962672	
1.262502598e-08	2.825689064e-06	0.9241350556	0.008671524019	0.06719058211	
1.615254614e-08	0.0007770564636	0.849190155	0.03641958246	0.1136131899	
5.014306862e-07	0.05465662283	0.002865151735	0.9422633675	0.0002143564851	
1.323643791e-08	0.001900195482	0.9493868527	0.009084422039	0.03962851653	
1.460813895e-08	0.001233382227	0.9016031492	0.0264386978	0.07072475617	
7.252583468e-08	2.033120486e-05	0.9775922829	2.150487561e-05	0.02236580848	
5.807168485e-08	0.0006565592314	0.9859411128	1.421146607e-05	0.01338805848	
7.384149408e-08	0.002636418079	0.906051228	4.402852077e-07	0.09131183977	
7.406015679e-08	0.00528935447	0.9408188104	2.865095976e-05	0.05386311007	
6.113568227e-06	0.9893116135	0.00844090255	0.001971136672	0.0002702337064	
5.600971555e-08	0.01193704909	0.9707174972	6.595536343e-06	0.01733880214	
1.369324584e-08	4.539116344e-07	0.9452609567	0.02717913424	0.02755944142	
1.646536357e-08	1.723616148e-06	0.8214523329	0.0007962688042	0.1777496582	
1.287418244e-08	1.25421974e-08	0.9258465079	0.01230546822	0.0618479985	
1.635637507e-08	3.424999638e-06	0.8448258429	0.05132114839	0.1038495673	
3.814602062e-07	0.000180985177	0.002141421344	0.997530013	0.0001471989885	
1.349061296e-08	8.429866932e-06	0.9506484368	0.01288466677	0.03645845312	
1.480909153e-08	5.442433039e-06	0.8979767978	0.03729828987	0.06471945513	
1.409362179e-08	5.950191552e-05	0.8856358262	0.0005625242462	0.1137421335	
1.10502615e-08	0.0001456492314	0.9602535203	0.02429431253	0.01530650684	
1.0530514e-08	4.137544209e-07	0.9538727115	0.008307269703	0.03781959453	
1.381162283e-08	0.0001166426248	0.8985585079	0.03576714471	0.06555769095	
4.577137475e-07	0.008758441414	0.003236446004	0.9878726132	0.0001320416222	
1.091794998e-08	0.0002751498253	0.9690604671	0.008606228352	0.0220581438	
1.163663763e-08	6.855679799e-05	0.9396053092	0.03748504218	0.02284108014	
4.661291563e-07	4.420440602e-06	0.8290219195	0.1501415829	0.02083161097	
3.807301485e-07	2.518761229e-06	0.8404140688	0.1525467366	0.007036295086	
2.298656446e-06	0.0007283802522	0.7878985553	0.2083880147	0.002982751122	
0.001849593592	2.702697513e-05	0.9267145733	0.07140333669	5.46940209e-06	
0.003287243031	0.0001048412137	0.9964743591	0.0001185178667	1.503881276e-05	
5.523043047e-07	4.39052775e-05	0.4950529904	0.5048768878	2.566430538e-05	
0.001597674088	1.691656436e-05	0.611500783	0.3868759372	8.689211072e-06	
0.004004837512	0.0001020621239	0.0002890860828	0.9954190895	0.0001849247965	
4.707189855e-07	2.941353702e-05	0.6906626273	0.3092999827	7.505724509e-06	
4.579539734e-07	3.068835147e-06	0.5270907458	0.4729011079	4.619516941e-06	
1.421912834e-08	0.0005918517496	0.8930012243	0.0007616653448	0.1056452444	
1.378022364e-08	0.0003675133841	0.6479233691	0.0008694707789	0.350839633	
1.331868753e-08	0.001059970775	0.854352185	0.0002557951809	0.1443320357	
1.373251906e-08	0.0006427740164	0.7580086426	0.0006955048022	0.2406530649	
1.449669306e-08	0.0002697095216	0.8459654437	0.001137780799	0.1526270515	
1.370827156e-08	0.001141371175	0.8913142835	0.04764253363	0.05990179801	
3.233601514e-07	0.0610029728	0.002285111653	0.9366257142	8.587793927e-05	
1.088458994e-08	0.00270440569	0.9655357652	0.0115148007	0.02024501749	
1.150925248e-08	0.0006685005359	0.9287772853	0.04975654305	0.02079765957	
1.244508022e-08	3.088867914e-06	0.8434772427	0.01551981473	0.1409998412	
1.02386446e-08	7.583325063e-06	0.9467302711	0.003886543237	0.04937559206	
1.131646862e-08	4.929510188e-06	0.9004159124	0.01132794034	0.08825120643	
1.10674272e-08	1.916279052e-06	0.9309763411	0.01716826617	0.05185346538	
2.825732253e-07	0.03415642755	0.001494996694	0.9640911343	0.0002571588813	
1.34788063e-08	0.002145794527	0.8951504278	0.01679590033	0.0859078639	
1.411764504e-08	0.001321826943	0.8067803131	0.04639093322	0.1455069127	
1.393966087e-08	0.0005187806669	0.8421800992	0.07098438	0.08631672623	
7.108098759e-07	0.2563955321	0.005130631261	0.7381977835	0.0002753422755	
3.381069071e-07	0.07172766339	0.002100002614	0.925960202	0.0002117938605	
2.306648844e-07	0.01945061589	0.001514631584	0.9789477134	8.680848798e-05	
1.195715542e-08	0.00334084082	0.9322427922	0.01195999308	0.05245636191	
1.153108084e-08	0.001280610797	0.9504535771	0.01787363172	0.03039216888	
1.260371842e-08	0.0008232305429	0.8939392932	0.05151817557	0.05371928809	
0.1672950704	0.0246234968	7.728257585e-08	0.0004405642742	0.8076407912	
0.0003118246477	0.0252054312	3.286020173e-05	0.0001213649851	0.974328519	
0.001214633878	0.02491617155	2.883022987e-05	0.001910881762	0.9719294826	
0.789807488	0.06382192754	0.000111076376	0.06449621461	0.08176329349	
0.0004085311074	0.03289815013	1.760765986e-05	0.042209404	0.9244663071	
0.9462924642	0.0520904113	0.0001204198108	0.0002629825995	0.001233722048	
0.0008667840434	0.06713994972	0.0001091498643	0.2326579831	0.6992261333	
0.0006632321569	0.03121566049	9.064664103e-08	0.05032211158	0.9177989051	
0.1599685367	4.843380685e-06	4.243876724e-05	0.005224827961	0.8347593532	
0.1418754205	0.1755917118	2.010847482e-05	0.6788259497	0.003686809574	
0.9175268184	0.05374963019	8.923877026e-05	0.02722912811	0.001405184513	
0.1385737916	0.03268736737	1.013121417e-05	0.04193473189	0.786793978	
0.2043954737	0.0289789387	8.323640158e-08	0.0001352356311	0.7664902688	
0.1214145808	0.02027612566	3.857298367e-05	0.01737541898	0.8408953016	
0.1436922618	0.03127786469	1.322015861e-07	0.007840706012	0.8171890353	
0.2950709524	0.01374790192	0.0003907689547	0.05444620687	0.6363441698	
3.781233784e-06	0.9805781373	2.558075639e-06	1.63320302e-08	0.01941550706	
1.489702714e-05	0.9803937108	2.269981885e-06	2.600828482e-07	0.01958886208	
0.003839967371	0.9954998276	3.466953818e-06	3.479879386e-06	0.0006532582414	
3.815733848e-06	0.9858013458	1.055782966e-06	4.375078416e-06	0.0141894076	
4.002635219e-06	0.9946747687	3.235775423e-06	1.192275835e-05	0.005306070175	
6.524256798e-06	0.9851514157	5.724495983e-09	5.493485804e-06	0.01483656079	
0.1033650002	0.01004043499	0.0001760442178	3.746576554e-05	0.8863810548	
0.000251778259	0.999723872	2.290921792e-07	1.336882316e-05	1.075182048e-05	
0.005292558277	0.9946890742	3.304612384e-06	1.743027725e-06	1.331988483e-05	
0.001303604053	0.9865282618	6.118516923e-07	4.37786284e-06	0.01216314439	
0.00216440445	0.9844974724	5.65848942e-09	1.589212434e-08	0.01333810165	
0.001824298842	0.9774062174	3.720732422e-06	2.897237527e-06	0.02076286581	
0.001411055941	0.9854008502	8.334270342e-09	8.544559911e-07	0.01318723103	
2.700635065e-08	0.9760766365	0.0009387501617	6.968428355e-08	0.02298451661	
1.077175957e-08	0.9920987806	0.005689996154	4.900971375e-06	0.002206311539	
7.008139378e-06	0.9977770109	0.001443392995	9.386338702e-07	0.0007716493002	
6.927486793e-09	0.9828882575	0.0004372538306	1.17392488e-06	0.01667330785	
1.029061046e-05	0.9980576713	0.001917763751	4.690544744e-09	1.426964568e-05	
7.271798089e-09	0.9924165741	0.001341020792	3.201322114e-06	0.006239196468	
1.184864284e-08	0.9825567768	2.371571141e-06	1.474491936e-06	0.01743936531	
0.0001668587653	0.008901130172	0.06482740258	8.938547664e-06	0.9260956699	
4.585349596e-07	0.999888094	9.517564537e-05	3.598356921e-06	1.267348642e-05	
9.67500129e-06	0.9985960372	0.001378057215	4.709193237e-07	1.575961942e-05	
2.371057948e-06	0.9854239322	0.0002538656679	1.17683466e-06	0.01431865422	
3.940255531e-06	0.9842777836	2.34989154e-06	4.275872604e-09	0.01571592201	
3.310500766e-06	0.9740694336	0.001540236777	7.770315369e-07	0.02438624205	
2.566937465e-06	0.9844668523	3.458597165e-06	2.297299352e-07	0.01552689245	
4.246898201e-08	0.9926413133	0.005052893009	7.810391871e-05	0.002227647284	
2.761867916e-05	0.9978974179	0.001281231766	1.495208835e-05	0.0007787795393	
2.729425131e-08	0.9827699236	0.0003880360118	1.869567911e-05	0.01682331746	
4.055732915e-05	0.9982425474	0.001702418162	7.472345606e-08	1.440243055e-05	
4.668075422e-08	0.9823791631	2.104497154e-06	2.348102855e-05	0.01759520466	
0.0006563342547	0.008885327272	0.05743512846	0.0001421177963	0.9328810922	
1.806761828e-06	0.9998436248	8.446897304e-05	5.731102176e-05	1.278848061e-05	
3.812858032e-05	0.99871523	0.001223234672	7.501559769e-06	1.590522147e-05	
1.552404811e-05	0.9841255481	2.085313431e-06	6.809430768e-08	0.01585677447	
1.304400174e-05	0.9740007735	0.00136693409	1.237545741e-05	0.02460687297	
1.011339514e-05	0.9843170686	3.069195824e-06	3.658514125e-06	0.01566609025	
4.574752455e-05	0.9530416697	0.01998414312	5.596219495e-05	0.02687247749	
1.076641701e-05	0.9912984796	0.007589919833	0.001027771864	7.306233333e-05	
1.084123514e-08	0.9947402345	0.002342182919	0.001309409239	0.001608162501	
1.578261224e-05	0.9899103492	0.01006739206	5.127351216e-06	1.34882635e-06	
1.858456743e-08	0.9966530129	1.273222001e-05	0.001648383606	0.001685852709	
3.705555808e-06	0.9959482566	0.001357998503	0.001310867141	0.001379172206	
5.19488012e-06	0.9884944439	0.008272817717	0.0008690655187	0.002358477959	
4.024742451e-06	0.9982202678	1.856123699e-05	0.0002567275238	0.001500418655	
6.570410811e-05	0.08310403029	0.01455011778	0.9018095042	0.0004706436579	
0.0001316631752	0.7893165332	0.2105289634	1.698029447e-05	5.859875676e-06	
7.040329795e-06	0.9985881825	0.0005930503822	0.0002503154274	0.000561411393	
0.01018268542	0.9872833292	0.002532543792	9.738105695e-07	4.678175749e-07	
7.309930883e-06	0.9973106258	0.001799068256	0.0006751975322	0.0002077984368	
1.205167105e-05	0.9990823678	3.219255806e-06	0.0003146669098	0.0005876943172	
0.5659449947	0.03018111836	0.2934434967	0.006360952766	0.1040694374	
0.0004581143054	0.998660279	0.0001269018348	0.0007542853145	4.195074331e-07	
0.009580166624	0.9885003965	0.001821083881	9.783597003e-05	5.170230582e-07	
0.00239852396	0.9965290813	0.0003427255921	0.0002497740734	0.0004798950279	
0.003986350488	0.9954827845	3.172777234e-06	9.07623773e-07	0.0005267846521	
0.002599970047	0.9968254841	4.675130169e-06	4.882032416e-05	0.0005210504276	
1.034119777e-05	0.9991898131	0.0007882092625	1.251278868e-06	1.038517637e-05	
7.311286764e-09	0.99405101	0.0005514475884	0.0008544418336	0.004543093238	
1.194562046e-08	0.9868710629	9.778967085e-07	0.0003946241212	0.01273332314	
0.00023547033	0.01251396612	0.03741644411	0.003348538135	0.9464855813	
4.598550767e-07	0.9989933226	3.903831704e-05	0.000957974378	9.204826742e-06	
9.718266919e-06	0.9992871101	0.0005661372935	0.0001255698644	1.146448364e-05	
2.388965088e-06	0.9891300499	0.0001046136441	0.0003147633854	0.01044818415	
3.972184932e-06	0.9885198863	9.688791581e-07	1.144276428e-06	0.01147402836	
3.347644431e-06	0.9812918719	0.0006370152706	0.0002085861165	0.0178591791	
2.587450406e-06	0.9885997564	1.425848722e-06	6.147173315e-05	0.01133475853	
1.770709365e-05	0.9999655652	4.279840721e-06	1.573402166e-06	1.087442546e-05	
0.6631986466	0.02409286636	0.3111472742	2.53676497e-05	0.001535845145	
0.0006728296143	0.9991547484	0.0001686441381	3.770123272e-06	7.759356749e-09	
0.01399363497	0.9835989609	0.002406908232	4.863452592e-07	9.510912906e-09	
0.003519140069	0.9960157457	0.0004549997216	1.247178173e-06	8.867343993e-06	
0.005843949599	0.9941421116	4.208648601e-06	4.528198928e-09	9.725656112e-06	
0.004951948281	0.9922498378	0.00278216364	8.299266662e-07	1.522033662e-05	
0.00381415935	0.9961697647	6.205778917e-06	2.437360679e-07	9.62642562e-06	
1.251079445e-08	0.9941693006	2.992298704e-06	0.001073699539	0.004753995043	
4.772634745e-07	0.9972948025	0.0001183761152	0.002582938522	3.405599858e-06	
2.498182992e-06	0.9949278715	0.0003196233937	0.0008551092698	0.003894897652	
4.159600451e-06	0.9957064594	2.96433686e-06	3.112978141e-06	0.004283303652	
2.709009858e-06	0.99559523	4.361619595e-06	0.0001672002689	0.004230499139	
0.0001950308857	0.793770774	0.1799511662	0.0260595263	2.350260151e-05	
0.0001059010981	0.9407435977	0.05911754214	1.32151898e-05	1.974382104e-05	
3.709463522e-08	0.8213343462	0.06123023924	0.1173651331	7.024431705e-05	
0.0003998279464	0.01241916896	0.0002014694022	0.004175431816	0.9828041019	
7.866294917e-07	0.9987859662	2.117629401e-07	0.001203406425	9.628992797e-06	
1.663625601e-05	0.9998104328	3.073251968e-06	0.0001578561077	1.200154824e-05	
4.085531395e-06	0.9886731774	5.673312575e-07	0.0003953048564	0.01092686485	
6.792619244e-06	0.9879929121	5.253963573e-09	1.436970843e-06	0.01199885306	
5.726252856e-06	0.9810474348	3.455339093e-06	0.0002620147795	0.01868136883	
4.424625865e-06	0.9880652495	7.731924455e-09	7.719499976e-05	0.01185312313	
0.7122281771	0.02753520411	0.2553899315	0.002909169914	0.001937517316	
0.08656332433	0.01347550986	0.0233326536	0.003605468166	0.873023044	
0.1289277991	0.01206341327	0.000193570157	1.174090016e-05	0.8588034766	
0.06847721966	0.00754697104	0.08020626965	0.001348793697	0.8424207459	
0.08883828817	0.01276192926	0.0003013375667	0.0006672013851	0.8974312436	
0.1023609343	0.003147434081	0.4997785889	0.002599623055	0.3921134197	
0.0006320572496	0.9988686519	0.0001210834591	0.0003781988507	8.562482196e-09	
0.0001569669661	0.9988548008	2.260384148e-05	0.000957744914	7.883459995e-06	
0.0002613813767	0.9997262516	2.096574293e-07	3.486930721e-06	8.670391128e-06	
0.0002217430706	0.9989860868	0.0001387573633	0.0006398281121	1.358469259e-05	
0.0001702322656	0.9996336065	3.084883422e-07	0.0001872890938	8.563665712e-06	
0.003307546338	0.9962306447	0.0003268456927	0.0001251731615	9.790065197e-06	
0.005493323521	0.9944924591	3.023664716e-06	4.545352283e-07	1.073915888e-05	
0.004657852887	0.9932418556	0.00200011326	8.336096286e-05	1.68173115e-05	
0.003584794604	0.9963756571	4.457835051e-06	2.446237279e-05	1.062803918e-05	
0.001356452834	0.9888106732	5.612401591e-07	1.144497561e-06	0.009831168231	
0.001144778615	0.9829532964	0.0003695182697	0.000208918195	0.01532348855	
0.0008839821347	0.9893374522	8.263210035e-07	6.151139744e-05	0.009716227995	
0.0187468634	0.9171011329	0.007190240129	0.05692026465	4.149893086e-05	
0.004060007584	0.9725995346	0.005462890034	0.0009553408126	0.01692222694	
0.001901390234	0.981284621	3.418592167e-06	7.58670336e-07	0.0168098115	
0.001468542754	0.9878702678	7.646338584e-09	2.234219241e-07	0.01066095838	
0.006768342927	0.9745450621	5.072704858e-05	3.48209751e-06	0.01863238584	
0.001239475449	0.9820965292	5.034718869e-06	4.078699455e-05	0.01661817362	
0.0044190071	0.9768700254	7.482439286e-05	0.0001874930633	0.01844865002	
0.1908971538	6.923203175e-08	5.470057486e-07	7.537151185e-07	0.8091014762	
0.4359088922	5.420389726e-08	4.578840083e-06	3.201997328e-05	0.5640544548	
0.4154544923	5.179204832e-08	4.263869199e-05	7.249091208e-07	0.5845020923	
0.3951427012	8.683703069e-08	4.921650733e-07	3.052057013e-06	0.6048536677	
0.6557739205	4.455583237e-05	0.0002497914103	0.002184245053	0.3417474872	
0.4024572114	6.569400909e-08	1.128444506e-05	0.0002057155324	0.5973257229	
0.0001515778422	4.382942754e-07	0.0008666055139	8.760203749e-07	0.9989805023	
0.4948681662	6.016965967e-07	5.503454265e-05	7.925607547e-07	0.505075405	
0.7172393247	2.228869437e-07	2.090444835e-06	0.03569765829	0.2470607037	
0.1215488739	1.373654699e-08	7.814246933e-08	2.73592611e-07	0.8784507607	
0.1128941176	1.279094975e-08	7.091337764e-07	6.036144194e-09	0.8871051544	
0.1047182062	2.091534565e-08	7.982803963e-09	2.478500778e-08	0.8952817401	
0.2556986869	1.578958696e-05	5.961125983e-06	2.609780039e-05	0.7442534646	
0.07892818112	1.451563848e-08	3.124655637e-07	7.921878065e-09	0.921071484	
0.1076472558	1.596985111e-08	1.847310503e-07	1.686081336e-06	0.8923508574	
2.716574191e-05	7.139100569e-08	9.505692076e-06	4.810921217e-09	0.9999632524	
0.2942043394	1.142898637e-08	6.774437534e-06	2.926542463e-07	0.7057885821	
0.2769992807	1.896918424e-08	7.740681918e-08	1.219727934e-06	0.7229994032	
0.9783525954	1.696743979e-08	0.0002414298494	1.612096954e-06	0.02140434569	
0.219166206	1.381989679e-08	3.180614004e-06	4.092485145e-07	0.7808301904	
0.2831996303	1.440514876e-08	1.781545543e-06	8.25250324e-05	0.7167160487	
8.89666822e-05	8.016346592e-08	0.0001141187161	2.931241043e-07	0.9997965413	
0.3649171047	1.382615021e-07	9.105081112e-06	3.331830639e-07	0.6350733188	
0.6189144058	5.993356901e-08	4.04714686e-07	0.01756110653	0.363524023	
0.260559178	1.788880094e-08	7.114225427e-07	2.725370634e-08	0.7394400654	
0.9744704419	1.694316063e-08	0.002349551123	3.814163398e-08	0.02317995192	
0.2051790761	1.297087048e-08	2.909317462e-05	9.100839594e-09	0.7947918087	
8.175186759e-05	7.385018991e-08	0.001024584617	6.398183459e-09	0.9988935833	
0.3457284097	1.313248646e-07	8.42840379e-05	7.498227855e-09	0.6541871674	
0.9747441266	2.987636506e-08	2.852221621e-05	1.688884009e-07	0.0252271524	
0.4874608484	1.824002328e-05	4.939738191e-06	9.732984945e-05	0.512418642	
0.1917700119	2.137116122e-08	3.300009202e-07	3.76537e-08	0.8082295991	
0.2503849561	2.250865333e-08	1.867710486e-07	7.672107753e-06	0.7496071625	
7.521544287e-05	1.197766944e-07	1.144019896e-05	2.605821098e-08	0.9999131985	
0.3269320155	2.189176198e-07	9.672620061e-07	3.1387707e-08	0.6730667669	
0.964463141	2.721973934e-08	0.001465598704	7.086373273e-08	0.03407116222	
0.9748827625	2.219445954e-08	0.0006421680564	1.117815895e-05	0.02446386913	
0.004052771651	1.634437593e-06	0.5443442963	5.254133951e-07	0.4516007722	
0.9805179238	1.662760521e-07	0.00256175266	3.522646813e-08	0.01692012199	
0.0002186217375	0.0001076361283	0.01016919171	3.266175091e-05	0.9894718887	
0.587525987	0.0001216325373	0.0005315942693	2.432415492e-05	0.4117964621	
0.7486583873	2.172179632e-05	0.04750705241	0.2034502093	0.0003626292117	
0.6635379784	0.02163103033	0.03015603362	0.284568442	0.0001065157081	
0.3753737504	0.05671487819	0.02940714302	0.5383541667	0.0001500616466	
0.6547485715	0.0437117377	1.032144955e-05	0.2999633233	0.001566045986	
0.738200507	1.606296519e-05	0.002615277523	0.2590201887	0.000147963809	
0.196597673	1.627349559e-08	7.615816919e-06	2.554547771e-06	0.8033921404	
5.508178935e-05	8.076710997e-08	0.0004350822816	8.092352875e-09	0.9995097471	
0.2624485017	1.61818645e-07	4.032436821e-05	1.068502221e-08	0.7375110014	
7.755320048e-05	9.173183549e-08	0.0002655400007	1.778058299e-06	0.999655037	
0.3337521104	1.659978024e-07	2.222871533e-05	2.120483274e-06	0.6662233744	
0.5344309803	6.793638633e-08	9.328476962e-07	0.1055200638	0.3600479551	
0.0001126315697	9.923445299e-07	0.001529592394	8.090997816e-09	0.9983567756	
0.001910189255	9.943832521e-09	7.419530586e-09	0.9980825049	7.28848187e-06	
0.003719421214	1.000322738e-08	7.461943991e-09	0.9962732483	7.313062459e-06	
0.001912355392	9.946771125e-09	7.423172771e-09	0.9980788509	8.776302885e-06	
0.003097963429	9.982994979e-09	7.451813164e-09	0.9968860732	1.594593049e-05	
0.003741350042	1.000559224e-08	7.458278885e-09	0.9962499395	8.692953526e-06	
0.005394792368	1.003848256e-08	7.494173881e-09	0.9945977769	7.413214847e-06	
0.001037274411	9.912446229e-09	7.405237321e-09	0.998950118	1.25903184e-05	
0.004387238434	1.001479286e-08	7.473722679e-09	0.995604026	8.718051434e-06	
0.001041092673	9.912877775e-09	7.405116476e-09	0.9989471282	1.176178363e-05	
9.697951313e-05	9.929827217e-09	7.42391635e-09	0.9998957044	7.298691288e-06	
0.009371567385	7.555601984e-07	6.574278737e-07	0.9903907664	0.0002362531862	
0.0001373469033	7.945765652e-09	5.898781119e-09	0.9998626327	6.590019056e-09	
7.049442377e-05	7.887155229e-09	5.857907602e-09	0.9999294839	7.894809278e-09	
0.0001143306648	7.925002319e-09	5.887286729e-09	0.9998856412	1.43608514e-08	
0.0001381597881	7.947823583e-09	5.896016938e-09	0.9998618185	7.833657018e-09	
0.0001995364376	7.98670515e-09	5.933870082e-09	0.999800443	6.691106557e-09	
0.002355676175	9.240718297e-07	1.928827411e-08	0.9976433724	8.111971312e-09	
3.457445705e-05	7.848807558e-09	5.834613546e-09	0.9999654043	7.546959455e-09	
3.820453318e-05	7.85333604e-09	5.838845759e-09	0.9999617705	1.131623158e-08	
0.0001621122424	7.960102307e-09	5.911917195e-09	0.999837866	7.861182557e-09	
3.834527552e-05	7.853700347e-09	5.838767133e-09	0.9999616305	1.057157117e-08	
3.568661679e-06	7.859938949e-09	5.848240659e-09	0.9999964111	6.554117939e-09	
0.0001619945713	7.963363914e-09	5.911646293e-09	0.999837985	6.59399351e-09	
0.0001375031351	7.948141632e-09	5.901697457e-09	0.9998624751	7.935288433e-09	
0.0002229987696	7.985948582e-09	5.931049046e-09	0.9997769729	1.443388249e-08	
0.0002694707053	8.00876394e-09	5.939709607e-09	0.9997305075	7.873316182e-09	
0.0003891587306	8.047474126e-09	5.977494523e-09	0.9996108205	6.724589047e-09	
0.004584912056	9.291985528e-07	1.939033797e-08	0.9954141312	8.135889944e-09	
6.744162624e-05	7.909767531e-09	5.878429995e-09	0.999932537	7.585914106e-09	
7.452226805e-05	7.914303873e-09	5.882673691e-09	0.9999254526	1.137460258e-08	
0.0003161810416	8.020954188e-09	5.955592095e-09	0.9996837971	7.900801187e-09	
7.479679191e-05	7.914669949e-09	5.882593687e-09	0.9999251788	1.062609967e-08	
0.0003159515731	8.024241627e-09	5.955319857e-09	0.9996840278	6.627226528e-09	
0.0006787014638	6.081001385e-07	5.264511088e-07	0.9993199488	2.15154952e-07	
0.0001144607185	7.927372285e-09	5.89019753e-09	0.9998855082	1.729243873e-08	
0.0001997633957	7.989092806e-09	5.936803348e-09	0.9998002146	8.057011104e-09	
0.002358349799	9.243458167e-07	1.929776145e-08	0.9976406968	9.767903412e-09	
3.824799504e-05	7.85568526e-09	5.841733118e-09	0.9999617247	1.362629923e-08	
0.0001622966401	7.962482347e-09	5.914839859e-09	0.99983768	9.465943681e-09	
3.838889748e-05	7.856049675e-09	5.841654453e-09	0.9999615847	1.272962568e-08	
3.572721568e-06	7.862290461e-09	5.851132901e-09	0.9999964057	7.892059756e-09	
0.0001621788352	7.965744933e-09	5.914568826e-09	0.9998377993	7.940073999e-09	
0.0003484409039	6.037737001e-07	5.229410486e-07	0.9996501746	2.57822474e-07	
0.000224318469	7.988012858e-09	5.928266731e-09	0.9997756505	1.715776941e-08	
0.0003239581901	8.026783775e-09	5.966098543e-09	0.9996760132	1.465472239e-08	
0.003819431421	9.274617779e-07	1.936699031e-08	0.996179604	1.774281127e-08	
5.613927529e-05	7.889005828e-09	5.866906518e-09	0.9999438304	1.653089434e-08	
6.203336574e-05	7.893539595e-09	5.871148835e-09	0.9999379281	2.478706891e-08	
0.0002632041296	8.000234154e-09	5.944165157e-09	0.9997367647	1.721780036e-08	
6.226188612e-05	7.89390508e-09	5.871069264e-09	0.9999377012	2.315596306e-08	
0.0005650175566	6.065659795e-07	5.254728129e-07	0.9994333815	4.689042447e-07	
0.0003914613748	8.049546401e-09	5.974684551e-09	0.9996085166	7.993610521e-09	
0.004611926343	9.29414744e-07	1.938074138e-08	0.9953871152	9.671002911e-09	
6.784080614e-05	7.911819411e-09	5.875677782e-09	0.9999321364	9.017496512e-09	
7.496335433e-05	7.916356593e-09	5.879919239e-09	0.9999250093	1.352117006e-08	
0.0003180520157	8.023023098e-09	5.95279499e-09	0.9996819246	9.391793954e-09	
7.523950294e-05	7.916722752e-09	5.879839265e-09	0.9999247341	1.263141279e-08	
7.002513671e-06	7.923276549e-09	5.889576513e-09	0.9999929758	7.831431889e-09	
0.0003178211898	8.026311397e-09	5.95252289e-09	0.999682157	7.877877783e-09	
0.006647533249	9.321087623e-07	1.946647414e-08	0.9933515069	8.244085878e-09	
9.798173487e-05	7.95077325e-09	5.913585105e-09	0.9999019967	7.702521962e-09	
0.0001082684108	7.9553076e-09	5.917835203e-09	0.9998917062	1.154941172e-08	
0.0004593079873	8.061628208e-09	5.990533851e-09	0.9995406699	8.021345796e-09	
0.0001086672346	7.955674583e-09	5.917753986e-09	0.9998913081	1.078940419e-08	
1.011392736e-05	7.962502036e-09	5.92773374e-09	0.9999898655	6.689595795e-09	
0.0004589746921	8.064933155e-09	5.990260639e-09	0.9995410045	6.728340572e-09	
0.0009857701602	6.110834777e-07	5.294529061e-07	0.9990128709	2.18401774e-07	
0.005407291206	9.301290965e-07	1.941794416e-08	0.9945917495	9.697461959e-09	
0.005403386834	9.305137549e-07	1.941712831e-08	0.9945956551	8.134303491e-09	
0.01153888605	7.010249297e-05	1.706386921e-06	0.9883890425	2.625303171e-07	
0.1611298864	0.001810382638	0.0001181173084	0.8369415982	1.542987839e-08	
0.0542786922	0.002826476203	6.858787013e-05	0.9428262308	1.294415522e-08	
0.9702441175	0.02793881036	0.001036020123	0.0007809148208	1.371579509e-07	
0.1558449036	0.001489852394	0.0002101136602	0.8424551041	2.619045183e-08	
1.875867426e-05	7.817362143e-09	5.818407772e-09	0.9999812147	1.302570264e-08	
7.960318597e-05	7.924139128e-09	5.891595023e-09	0.9999203739	9.049292107e-09	
1.882778101e-05	7.817725341e-09	5.818329839e-09	0.9999811464	1.216855199e-08	
1.752205203e-06	7.823796876e-09	5.827667049e-09	0.9999982266	7.544073812e-09	
7.954540029e-05	7.927385526e-09	5.8913247e-09	0.9999204332	7.590584423e-09	
0.0001709193602	6.009232495e-07	5.209353572e-07	0.9998277123	2.464975848e-07	
8.796054772e-05	7.928673583e-09	5.895840689e-09	0.9999120121	1.356882881e-08	
2.080460066e-05	7.822248805e-09	5.822559854e-09	0.9999791635	1.824607386e-08	
1.936181164e-06	7.828337907e-09	5.831914322e-09	0.9999980388	1.13119437e-08	
8.789669584e-05	7.931921892e-09	5.895570212e-09	0.9999120781	1.138159096e-08	
0.000188861971	6.012612811e-07	5.21305699e-07	0.9998096459	3.696036135e-07	
8.828457092e-05	7.929039932e-09	5.895760216e-09	0.9999116889	1.267593475e-08	
8.216710709e-06	7.93569782e-09	5.905593704e-09	0.9999917616	7.859128339e-09	
0.0003729095239	8.038460965e-09	5.968389604e-09	0.9996270686	7.905312438e-09	
0.0008010014678	6.091378482e-07	5.275719426e-07	0.9991976052	2.566316065e-07	
8.822048384e-05	7.932288392e-09	5.895489743e-09	0.9999117551	1.063262766e-08	
0.0001895576221	6.012888533e-07	5.21298402e-07	0.9998089745	3.452818018e-07	
8.210745593e-06	7.938948541e-09	5.905322432e-09	0.9999917688	6.592269687e-09	
1.764389184e-05	6.018491045e-07	5.222159049e-07	0.9999810179	2.140957388e-07	
0.0002381025048	1.376040282e-08	3.655587959e-08	0.9997618377	9.499107618e-09	
7.405521193e-08	2.984312144e-05	4.679762638e-05	0.9999232285	5.671043836e-08	
0.0008004204544	6.093877459e-07	5.275480334e-07	0.9991982273	2.152637962e-07	
0.3044855625	2.489459702e-05	0.2833471215	0.4121423553	6.615362604e-08	
0.288588803	2.770584448e-05	0.646571674	0.06481175726	5.98276294e-08	
0.2419993476	1.297614478e-07	0.5254361201	0.2325642575	1.45164245e-07	
0.3766919086	2.821460284e-08	0.000366819273	0.62294118	6.393042975e-08	
0.14023285	5.313856709e-05	0.2249481166	0.6347658189	7.58742907e-08	
0.4244614028	8.894247636e-05	0.5753604914	8.902712373e-05	1.36137798e-07	
0.0001072094712	5.599409597e-05	0.4297084864	0.5701279608	3.492553098e-07	
0.1826395726	1.733539658e-05	0.540406102	0.2769366057	3.84241482e-07	
0.2427032216	1.688380393e-05	0.4153860275	0.3418937745	9.253935628e-08	
0.4087566848	6.844084372e-05	0.00013193945	0.5910416117	1.323225602e-06	
0.1671364166	1.507748144e-05	0.4699513309	0.3628970101	1.64904325e-07	
8.964518255e-05	3.946839529e-06	0.4613792223	0.5385271223	6.339579703e-08	
0.3260614764	0.03517149138	0.5232036087	0.1155634011	2.240219589e-08	
0.2455644309	0.0001479436491	0.381860936	0.3724266406	4.881796904e-08	
0.2769636735	2.330825919e-05	0.0001931624511	0.7228198402	1.557804396e-08	
0.1029007628	0.04381048399	0.1182184436	0.7350702912	1.845152473e-08	
0.4531901248	0.1066966609	0.4399631593	0.0001500068459	4.817145192e-08	
8.438227058e-05	0.04951760932	0.2422289389	0.7081689784	9.11024073e-08	
0.1779763223	0.01898018782	0.3771565311	0.4258868347	1.240910263e-07	
0.2208943059	0.01726548006	0.2707664845	0.4910737016	2.791285348e-08	
0.2881616081	0.05421082092	6.661621643e-05	0.6575606456	3.091533293e-07	
8.933542698e-05	0.04120779896	0.4197875153	0.5389153173	3.309650862e-08	
0.3571799046	2.190104053e-05	0.01855701712	0.6242411451	3.211264202e-08	
0.1528650077	0.01549405797	0.3078392004	0.5238016839	4.998478449e-08	
7.566035655e-05	0.003742745312	0.27889036	0.7172912166	1.773252888e-08	
0.2001502373	0.0001415925797	0.7493435583	0.05036457388	3.796695125e-08	
0.6969655722	6.887345561e-05	0.001170297615	0.3017952193	3.740561581e-08	
0.2767136044	0.07649876452	0.6467724061	1.519689733e-05	2.806565478e-08	
0.0001111874456	0.07661569303	0.7684500971	0.1548229079	1.145433202e-07	
0.2266641451	0.02080321624	0.6689263585	0.08360625278	2.732989168e-08	
7.777936933e-05	0.04212827121	0.8799445697	0.07784935227	2.749528659e-08	
0.7066481408	5.087852029e-05	0.08839128946	0.2049096306	6.062163014e-08	
0.1529993717	0.01820959392	0.7418064146	0.08698457205	4.773695988e-08	
0.3503187848	1.933497191e-07	0.0005700552522	0.6491109122	5.440164793e-08	
0.1142194268	0.0003189279087	0.3061683183	0.5792932704	5.654733703e-08	
7.898237446e-05	0.0003039707109	0.5290036081	0.4706132034	2.354330056e-07	
0.1308208163	9.149728843e-05	0.6468296035	0.2222578311	2.5183351e-07	
0.09249487683	0.001264703803	0.869798761	0.03635543757	8.622083737e-05	
0.1838615399	9.424929753e-05	0.5258415596	0.2902025871	6.414593261e-08	
0.3814029587	0.0004705730099	0.0002057223753	0.6179196162	1.129744881e-06	
6.557052859e-05	0.0001983615426	0.7188993888	0.2808366121	6.706959206e-08	
0.4233602464	1.70247561e-07	0.05131978823	0.52531969	1.050890853e-07	
0.1229697701	8.174261875e-05	0.5777870848	0.2991612915	1.110162666e-07	
6.522024923e-05	2.115911199e-05	0.5609203575	0.4389932209	4.220299397e-08	
0.102784378	4.008997847e-05	0.0001235684245	0.8970519492	1.439710463e-08	
0.9983666078	0.0002153325539	0.001014237526	0.000403739178	8.289602933e-08	
9.748588704e-05	5.240822653e-05	0.0002928399481	0.9995571837	8.221570338e-08	
0.2690028179	1.926194865e-05	0.0003450491554	0.7306328444	2.655283688e-08	
0.2639852238	4.54965785e-05	6.386122074e-08	0.7359689946	2.212339688e-07	
0.000135565615	5.728679207e-05	0.0006666058237	0.9991405025	3.923217597e-08	
0.3189498639	1.791634461e-08	1.734032874e-05	0.6810327555	2.239988689e-08	
0.1927308121	1.789606298e-05	0.0004061446577	0.806845098	4.922834957e-08	
8.629961798e-05	3.910929784e-06	0.0003328800335	0.9995768936	1.579958023e-08	
0.2655520338	0.2897621832	0.4443917694	0.0002939432571	7.02937747e-08	
2.798431584e-05	0.07611054618	0.1384745664	0.7853868279	7.524043088e-08	
0.09166234392	0.03320525186	0.1936786925	0.6814536829	2.884487147e-08	
3.288141208e-05	0.07029555169	0.2663402245	0.6633313121	3.033659678e-08	
0.144209446	4.098199758e-05	0.01291502825	0.8428345115	3.228796427e-08	
0.06097570747	0.02864412927	0.2116670165	0.6987130971	4.965288916e-08	
2.611786065e-05	0.005987991497	0.1659522788	0.8280335966	1.524396094e-08	
0.0001758178099	0.2644258712	0.7351693908	0.000228639968	2.80217387e-07	
0.2293317049	0.06268086678	0.7079021569	8.503538461e-05	2.360455491e-07	
0.08186858933	0.4374495539	0.4806340293	7.023027487e-06	4.080439257e-05	
0.3348774676	0.06708303151	0.5979240794	0.0001153590515	6.246823125e-08	
0.6743805643	0.3251528213	0.000227090319	0.0002384560432	1.068061897e-06	
0.0001245509054	0.147243186	0.8525157697	0.0001164252805	6.811753463e-08	
0.9292762167	0.0001460343999	0.0703259658	0.0002516597667	1.233353046e-07	
0.2384550065	0.06194355916	0.699474709	0.0001266102442	1.151038245e-07	
3.04332173e-05	0.4053186704	0.5283041485	0.06619268185	0.000154066006	
6.889882835e-05	0.03440144314	0.363756614	0.6017729135	1.305432637e-07	
9.833861238e-05	0.1181801749	9.791666114e-05	0.8816219879	1.581921029e-06	
2.132819972e-08	0.06284642636	0.4316668284	0.5054866054	1.184774172e-07	
0.0001410141526	5.523458836e-05	0.03155531574	0.9682482454	1.900967262e-07	
4.388961496e-05	0.02841774106	0.380685458	0.5908526961	2.151862052e-07	
1.871292536e-08	0.005913359258	0.2970950948	0.6969914615	6.57607704e-08	
0.0593160236	0.1435656651	0.7601385682	0.0367858195	0.0001939235216	
0.1337147486	0.01213316078	0.5211502604	0.3330016666	1.6361437e-07	
0.2648724562	0.05784784265	0.0001946945991	0.6770822549	2.751674283e-06	
4.49736888e-05	0.02408322896	0.6719509511	0.3039206849	1.613390117e-07	
0.3201972341	2.279270196e-05	0.05289467942	0.626885015	2.787590749e-07	
4.46450388e-05	0.002563867633	0.5232528298	0.4741385562	1.013206377e-07	
0.09290841411	0.164812241	0.6886947415	0.05352955367	5.50497148e-05	
0.1704317732	0.7276804512	0.0002382625254	0.1007921422	0.0008573707888	
2.472114522e-05	0.2588001759	0.7024828423	0.03864931624	4.294448133e-05	
0.06109489068	0.1405407499	0.7440156424	0.05425504386	9.367311119e-05	
3.86508879e-05	0.04339319692	0.8615607964	0.09496487996	4.247585004e-05	
0.2828583752	0.04527675263	0.000120264411	0.6717440752	5.325628096e-07	
6.529996847e-05	0.02562860901	0.5643428342	0.4099632144	4.245564274e-08	
0.3431154838	1.790088127e-05	0.03278579438	0.6240807668	5.413689232e-08	
0.1196733212	0.01032073914	0.4432384487	0.4267674222	6.867379841e-08	
5.991992061e-05	0.002522025561	0.4062193351	0.5911986947	2.464549274e-08	
0.000135290807	0.1278015376	0.000220511777	0.871841913	7.468077733e-07	
0.3487823138	4.379699134e-05	6.28540558e-06	0.6511671365	4.672244412e-07	
0.2053936334	0.04263400801	0.0001434698083	0.7518278881	1.000688241e-06	
4.100889668e-05	0.02087147326	0.5822554774	0.3968319715	6.899387855e-08	
1.886432974e-08	0.00468577248	0.4902596564	0.5050545296	2.274816685e-08	
0.252491568	1.708220508e-05	0.03963672174	0.7078545249	1.030884265e-07	
0.0001243028185	4.10433523e-06	0.03571750416	0.9641540523	3.637613545e-08	
3.787763815e-05	0.00206739805	0.4218690909	0.5760255931	4.031430652e-08	
