9.246237519e-09	1.097468131e-08	0.9400585976	0.05993844259	2.939565114e-06	
6.106412231e-08	1.542894669e-07	0.001234392925	0.9972458327	0.001519559047	
9.270082705e-09	4.056054009e-07	0.9689892273	0.03096060842	4.974938762e-05	
8.660378643e-09	1.581572043e-05	0.9999476311	2.545971868e-05	1.108477343e-05	
9.387308198e-09	1.116643159e-08	0.9612348154	0.03871869172	4.647236554e-05	
8.460125379e-09	3.7780959e-08	0.9751026062	0.02488312804	1.421956121e-05	
8.686474235e-09	6.71838043e-07	0.9682168037	0.03176982579	1.269001729e-05	
8.995381995e-09	1.037078921e-08	0.9928124322	0.007111090173	7.645825239e-05	
9.857643126e-09	2.320074563e-07	0.9635551496	0.03636818921	7.641933704e-05	
4.054609423e-08	8.231415664e-05	0.005643693433	0.9942737322	2.196772983e-07	
9.877205981e-09	7.352168736e-07	0.9597280233	0.0402024324	6.879924253e-05	
9.46366929e-09	1.047838665e-07	0.9525789098	0.0473856392	3.533673427e-05	
5.296329003e-08	1.350091578e-07	0.001025315093	0.9762024848	0.02277201215	
9.618532694e-09	4.245873585e-07	0.9628513773	0.03625630536	0.0008918831241	
9.041436087e-09	1.665818302e-05	0.9997533836	2.999873762e-05	0.0001999504322	
9.727318449e-09	1.167359389e-08	0.9538863629	0.04528158021	0.0008320354441	
9.017351601e-09	7.036199973e-07	0.9625497247	0.03722195194	0.0002276106989	
3.595622047e-08	7.364404858e-05	0.004792956799	0.9951299973	3.365930764e-06	
8.839091743e-09	2.959893348e-06	0.9807690328	0.01887904591	0.0003489525509	
1.022840955e-08	7.681173548e-07	0.9517815124	0.04698672453	0.001230984673	
9.793253794e-09	1.093956334e-07	0.9440250237	0.05534304366	0.0006318134329	
5.961558569e-08	5.60197719e-06	0.001186554443	0.5661222676	0.4326855164	
5.422363077e-08	1.385234591e-07	0.001057230113	0.6359057276	0.3630368495	
1.338145359e-07	9.602693624e-08	0.0005049675973	0.9852785393	0.01421626329	
4.861958579e-08	3.215550031e-07	0.0009208079411	0.001237584579	0.9978412373	
7.26541201e-08	1.798928261e-07	0.00152686401	0.163305709	0.8351671745	
4.763518424e-08	2.407787198e-06	0.0008865920843	0.4996903708	0.4994205817	
1.433988115e-08	6.252194214e-05	3.800602556e-07	0.9998320109	0.0001050727546	
4.759246289e-08	7.608182747e-06	0.0008805312224	0.5507835289	0.4483282841	
5.179795304e-08	1.231711121e-06	0.0009927651401	0.7374359917	0.2615699596	
8.762141364e-09	0.0005951051607	0.9961189023	1.497825733e-05	0.003271005524	
9.554491037e-09	4.226805386e-07	0.9632888275	0.02291508469	0.01379565554	
8.644200415e-09	1.435662536e-06	0.9809771591	0.01478384205	0.004237554581	
9.76908698e-09	1.118839921e-06	0.9567088979	5.085426453e-05	0.04323911923	
8.904569018e-09	2.56132874e-05	0.977242924	0.01893731981	0.003794133992	
8.959899757e-09	3.841728849e-07	0.9736688972	0.00411864194	0.02221206773	
9.935511301e-09	8.69661881e-06	0.9562121489	0.02131440039	0.0224647442	
6.909320469e-08	0.005216656082	0.009469134301	0.9852049581	0.0001091823837	
8.631264547e-09	0.0001065457418	0.9846434377	0.009498002899	0.005752005002	
9.992922068e-09	2.76633784e-05	0.9560203041	0.02365075622	0.02030126631	
8.951375158e-09	1.652823323e-05	0.9968820142	1.88970717e-05	0.003082551589	
7.969421851e-09	5.524415497e-05	0.9990009927	1.199720681e-05	0.0009317579429	
9.154457938e-09	4.376012862e-05	0.9902925362	4.194661089e-08	0.009663652527	
9.355723175e-09	0.0003417980294	0.9945953721	1.766652383e-05	0.005045154018	
3.016039497e-07	0.9504425537	0.04565801218	0.00378546399	0.0001136684844	
7.893503336e-09	0.004066899542	0.9946708609	7.645722112e-06	0.001254585991	
8.792429639e-09	3.969992206e-08	0.9774533633	0.01857056462	0.003976023584	
9.997523374e-09	3.112860212e-08	0.959116452	6.427166482e-05	0.04081923518	
9.148433223e-09	1.066408242e-08	0.9738856003	0.005193394685	0.02092098524	
1.009952407e-08	2.403335126e-07	0.9521777297	0.02675700664	0.02106501327	
5.63469728e-08	0.0001156593296	0.007564820093	0.9922373275	8.213672766e-05	
8.79301325e-09	2.950887207e-06	0.9826420984	0.01194948855	0.005405453395	
1.015063749e-08	7.639399955e-07	0.9513076945	0.02966877189	0.01902275956	
9.142777827e-09	1.068730495e-07	0.9872841867	4.19134939e-05	0.0126737838	
8.128862908e-09	2.386482617e-06	0.9836885294	0.01522431306	0.001084762903	
8.264058489e-09	3.616537712e-08	0.9902382696	0.003345388551	0.006416297404	
9.198051965e-09	8.217356512e-07	0.9761084494	0.0173772502	0.006513469447	
7.863774116e-08	0.0006059879065	0.0118834939	0.9874715213	3.891827035e-05	
7.875995447e-09	9.923004391e-06	0.9907137651	0.007632479096	0.001643824879	
8.913846399e-09	3.746342077e-07	0.974103897	0.02285540613	0.003040313365	
5.014120108e-08	3.351685073e-07	0.9149368776	0.08340324336	0.001659493715	
4.747489001e-08	1.492926589e-07	0.8920686729	0.1071743296	0.000756800704	
3.198640096e-07	0.001196419506	0.6490292409	0.3497411337	3.288606195e-05	
0.0002234660526	2.614602578e-05	0.9179496286	0.08179962097	1.138330945e-06	
0.0004543958259	8.988900682e-05	0.9993446637	0.0001094477582	1.603688762e-06	
7.458224073e-08	3.489347524e-05	0.525496946	0.474466892	1.193975494e-06	
0.0001528271367	7.036098283e-06	0.6213920635	0.3784468846	1.188721721e-06	
0.0005291640501	6.589137636e-05	0.0002883883046	0.9991133563	3.199961663e-06	
6.126547518e-08	1.438363429e-05	0.7088751089	0.2911094812	9.649919864e-07	
6.347249266e-08	8.086666416e-07	0.5558717981	0.4441263114	1.018364035e-06	
9.466165501e-09	1.916412553e-06	0.9885386857	5.396260594e-05	0.01140542579	
1.020636662e-08	6.287729829e-07	0.9346847275	5.869042771e-05	0.06525594312	
9.054737034e-09	7.866834377e-06	0.9829023007	2.670834171e-05	0.01706311507	
1.033213171e-08	2.01309906e-06	0.9405773058	6.55474313e-05	0.05935512336	
1.0267809e-08	2.975818937e-07	0.9682994495	8.013320132e-05	0.03162010945	
9.470380494e-09	1.46530684e-05	0.9719081042	0.02224824436	0.005828988945	
6.29134914e-08	0.008396563804	0.009194168664	0.9823821416	2.706297708e-05	
8.126486664e-09	0.0001773231479	0.9885556664	0.009792782677	0.001474219671	
9.16034056e-09	6.667741926e-06	0.9680712368	0.02920643433	0.002715651928	
9.460005323e-09	2.181843868e-07	0.9613193241	0.004803579427	0.03387686885	
8.212268259e-09	2.671141364e-06	0.9891905222	0.002139004483	0.008667793986	
9.542612871e-09	6.960686887e-07	0.9639492665	0.005345773258	0.03070425465	
9.340733841e-09	1.013489607e-07	0.9774514838	0.006437143551	0.016111262	
6.28051334e-08	0.002550707989	0.008048931424	0.9892569343	0.0001433634427	
9.185913278e-09	6.099479009e-05	0.9799299904	0.01116613617	0.008842869422	
1.052482921e-08	1.567243598e-05	0.9415812849	0.02751631654	0.03088671556	
1.025996735e-08	2.272589185e-06	0.9508589114	0.03299819519	0.01614061059	
1.1357289e-07	0.06504916612	0.01725274842	0.9176215617	7.641023356e-05	
5.670462935e-08	0.007283441226	0.007223907575	0.9853762941	0.0001163003888	
4.644797465e-08	0.0008874387632	0.006129820928	0.9929316261	5.106775208e-05	
9.236140768e-09	0.0001939605681	0.9794309682	0.01238627606	0.007988785973	
8.931025839e-09	2.789830123e-05	0.9810970625	0.01473399526	0.004141034968	
1.029992185e-08	7.21541625e-06	0.9488872507	0.03654666655	0.01455885706	
0.03696139322	0.3221314961	3.794121869e-08	3.05301146e-05	0.6408765426	
0.0001659146171	0.3426479423	1.455354533e-06	3.01354964e-05	0.6571545523	
0.0001927447079	0.3238244641	1.803047183e-06	3.768531906e-05	0.6759433028	
0.3393188622	0.5758353177	1.617270236e-05	0.001853377618	0.08297626979	
0.0001726875642	0.3510569141	6.137797335e-07	0.0005727015904	0.6481970829	
0.4340518841	0.5650090749	1.895603735e-05	5.140639485e-05	0.0008686785258	
0.000289025653	0.5500354676	1.739130982e-05	0.01737781949	0.432280296	
0.0001798888182	0.3469438373	3.99460627e-08	0.0007409625294	0.6521352714	
0.1075066495	0.0009710966521	1.585681379e-05	8.327936142e-05	0.8914231177	
0.03999577374	0.9106062234	1.069459488e-07	0.04797445978	0.001423436117	
0.4371600551	0.5613344487	1.432560318e-05	0.0005658116881	0.0009253588883	
0.03027861747	0.3828677777	5.265381101e-07	0.001758621657	0.5850944566	
0.04595571702	0.3633857771	4.208740622e-08	3.197222084e-05	0.5906264915	
0.02489873687	0.3235748752	2.269861225e-06	0.0001954595832	0.6513286585	
0.02813932895	0.3749863601	4.37165463e-08	8.021653985e-05	0.5967940507	
0.2024508488	0.2376278124	0.0003344262109	0.02034285922	0.5392440534	
1.475894494e-06	0.9826006135	1.734165531e-07	3.976952315e-09	0.01739773318	
1.811440828e-06	0.9810916609	2.269864144e-07	5.254304728e-09	0.01890629546	
0.001822138844	0.9968504331	1.163341288e-06	1.476518011e-07	0.001326117034	
1.500320098e-06	0.9832379529	7.143096073e-08	7.381635959e-08	0.01676040148	
1.618251011e-06	0.9927923685	1.304346183e-06	1.443464635e-06	0.007203265426	
1.580936213e-06	0.9829413295	4.702569707e-09	9.660682203e-08	0.01705698828	
0.03497536344	0.1018468509	6.910252531e-05	4.019441072e-07	0.8631082812	
0.0001362256098	0.9998469164	4.879328741e-09	2.424131202e-06	1.442902949e-05	
0.002409936291	0.9975737775	1.057862179e-06	4.6274142e-08	1.518202745e-05	
0.0002418463318	0.9858492726	5.633578589e-08	2.083901807e-07	0.01390861638	
0.0003863467812	0.984836002	4.739592429e-09	3.987603114e-09	0.01477764251	
0.0002342857407	0.981525469	2.861007071e-07	2.72851836e-08	0.01823993183	
0.0002293537327	0.9852938828	4.772973292e-09	9.699679212e-09	0.01447674895	
7.649596481e-09	0.9817537783	8.190972154e-06	4.879139444e-09	0.01823801818	
6.555292764e-09	0.9997153727	0.0002191234683	5.106135797e-06	6.039117062e-05	
7.703615403e-06	0.9986694179	4.202826661e-05	1.37266789e-07	0.001280712973	
6.335296863e-09	0.9838305393	2.577452941e-06	6.854081521e-08	0.01616680834	
1.005581366e-05	0.99992599	5.026844154e-05	3.885149088e-09	1.368188601e-05	
6.830630144e-09	0.9930061449	4.704667824e-05	1.339783518e-06	0.006945461852	
6.675796392e-09	0.9835466272	1.696856776e-07	8.970365314e-08	0.01645310673	
0.0001576028473	0.1087496959	0.002660828921	3.982732045e-07	0.8884314741	
5.749621844e-07	0.9999830877	1.759793911e-07	2.249832789e-06	1.391151637e-05	
1.019423146e-05	0.9999368542	3.823835747e-05	4.304283837e-08	1.467018294e-05	
1.02136784e-06	0.9865788866	2.033050853e-06	1.935234174e-07	0.01341786543	
1.631912588e-06	0.9857394392	1.7107313e-07	3.703779467e-09	0.0142587541	
9.895768347e-07	0.9823898326	1.032627781e-05	2.534219001e-08	0.01759882623	
9.686184749e-07	0.986032761	1.722491749e-07	9.007782814e-09	0.01396608908	
8.057415427e-09	0.9996402801	0.0002872321387	6.75603759e-06	6.572370635e-05	
9.468370918e-06	0.9985415353	5.508871267e-05	1.816110118e-07	0.001393726039	
7.776475355e-09	0.9824259898	3.374015317e-06	9.056515373e-08	0.0175705378	
1.236076042e-05	0.9999068465	6.58967306e-05	5.140811668e-09	1.489082894e-05	
8.194232091e-09	0.9821183949	2.221216242e-07	1.185253759e-07	0.0178812563	
0.000179483329	0.1007515698	0.003231599143	4.882442962e-07	0.8958368595	
7.067643536e-07	0.9999809445	2.306947129e-07	2.977019165e-06	1.514100705e-05	
1.253095091e-05	0.9999213189	5.012671482e-05	5.695429421e-08	1.596651023e-05	
2.003484717e-06	0.9844983402	2.239811232e-07	4.894747515e-09	0.01549942747	
1.214533028e-06	0.9808608084	1.351587259e-05	3.348112061e-08	0.01912442769	
1.189195274e-06	0.9848168816	2.255267449e-07	1.190458789e-08	0.01518169175	
1.337820846e-05	0.9758345769	0.002697686225	4.720645127e-06	0.02144963802	
7.9666077e-06	0.9983539179	0.001446973811	0.0001866104291	4.531247882e-06	
6.659738191e-09	0.999756929	9.020306288e-05	9.47176795e-05	5.814356401e-05	
1.038502001e-05	0.9982559651	0.001728326922	5.274598503e-06	4.834184944e-08	
7.020079639e-09	0.9998108535	5.940520473e-06	0.0001240054248	5.919350337e-05	
1.070528951e-06	0.9996132217	7.094222949e-05	0.0002666498601	4.811570382e-05	
1.041552894e-06	0.9995386817	0.0003618394943	3.506449192e-05	6.337276936e-05	
1.01612526e-06	0.9999304205	6.015780795e-06	1.242235693e-05	5.012524177e-05	
7.868787403e-07	0.05569356749	0.0003605598438	0.9439446081	4.776533785e-07	
0.0001110576378	0.8659060765	0.1339576944	2.505137099e-05	1.201589763e-07	
7.82657891e-06	0.9987392425	1.730159656e-05	2.546340485e-06	0.001233083031	
0.0120863915	0.987584157	0.0003282957798	1.404265871e-07	1.015286104e-06	
8.363591757e-06	0.9991042546	0.0003130051324	4.933201986e-05	0.000525044628	
8.249550385e-06	0.9987320047	1.139364863e-06	3.333492928e-06	0.001255272877	
0.4982913964	0.2825362634	0.04571163125	3.78671508e-05	0.1734228418	
0.0006991644604	0.9992163563	1.162765965e-06	8.227208729e-05	1.044425741e-06	
0.0122515347	0.9874961171	0.0002497040989	1.55560424e-06	1.088515374e-06	
0.00125696945	0.9977027692	1.359506297e-05	7.162065356e-06	0.001019504176	
0.002008456845	0.9969068087	1.144031156e-06	1.370796363e-07	0.001083453371	
0.001192761726	0.9977439618	1.152520171e-06	3.335654526e-07	0.001061790384	
1.021591324e-05	0.9999558465	2.069296518e-05	7.206780468e-08	1.317252659e-05	
6.940999131e-09	0.9932673136	1.937124401e-05	2.485818841e-05	0.006688450033	
6.786029733e-09	0.9841484605	6.989163331e-08	1.664931732e-06	0.01584979785	
0.0001658552847	0.1126539163	0.001134617647	7.652793034e-06	0.886037958	
5.840760696e-07	0.9999442203	7.243680205e-08	4.173053936e-05	1.339268762e-05	
1.035645474e-05	0.9999589805	1.574066867e-05	7.984195247e-07	1.412392127e-05	
1.038114824e-06	0.9870701512	8.372955488e-07	3.591454455e-06	0.01292438191	
1.658726131e-06	0.9862633967	7.045745023e-08	6.873794414e-08	0.0137348054	
1.005967215e-06	0.9830399201	4.25349022e-06	4.703834952e-07	0.01695435011	
9.845227789e-07	0.9865460307	7.09410313e-08	1.671723902e-07	0.01345274671	
1.076828886e-05	0.9999743647	1.362732326e-06	9.434861861e-08	1.340991724e-05	
0.6571027246	0.2857903486	0.05523418081	1.082759738e-06	0.001871663248	
0.0009113783798	0.9990848963	1.38881055e-06	2.325366884e-06	1.114213662e-08	
0.01591234588	0.9837904317	0.0002971670861	4.380890762e-08	1.15704385e-08	
0.001639741755	0.9983329207	1.62503708e-05	2.025856144e-07	1.088457001e-05	
0.002619628128	0.9973674354	1.367244895e-06	3.876766766e-09	1.156535319e-05	
0.001595436834	0.9983073111	8.288876237e-05	2.664133836e-08	1.433667253e-05	
0.001556070435	0.9984312057	1.377702383e-06	9.435745333e-09	1.133667977e-05	
7.315359583e-09	0.9931580659	1.27552663e-06	3.253927827e-05	0.006808111946	
6.234499917e-07	0.9991848059	1.308988706e-06	0.0008075655303	5.696170628e-06	
1.117141774e-06	0.9943716978	1.525408289e-05	7.006882385e-05	0.005541862196	
1.785974766e-06	0.9941029985	1.284316242e-06	1.34180293e-06	0.005892589437	
1.059875165e-06	0.9942237581	1.292917653e-06	3.262759509e-06	0.005770626329	
0.0002021165221	0.8884908065	0.09382504274	0.01744719729	3.483692716e-05	
0.0001301724705	0.9674942452	0.03235264359	7.393938026e-06	1.554482866e-05	
5.031483536e-08	0.8844267075	0.04006272508	0.07548326264	2.725442861e-05	
0.0001722528477	0.1109997325	7.362155062e-05	9.871469694e-06	0.8887445216	
6.156376613e-07	0.9999311156	4.770164604e-09	5.463041714e-05	1.363361478e-05	
1.091637623e-05	0.9999726234	1.036594478e-06	1.045257481e-06	1.437838752e-05	
1.093970589e-06	0.986840159	5.51261124e-08	4.700622436e-06	0.01315399127	
1.747948983e-06	0.9860195442	4.638732391e-09	8.996536724e-08	0.01397861326	
1.060020798e-06	0.9827436699	2.800234021e-07	6.156124381e-07	0.01725437446	
1.037485517e-06	0.9863071217	4.670593833e-09	2.187991234e-07	0.01369161732	
0.6688392992	0.2869482096	0.04218547733	1.204416106e-05	0.002014969686	
0.03052380338	0.128959083	0.001021647686	2.466597868e-05	0.8394708	
0.04558863166	0.1204440771	8.035962685e-05	4.412788809e-07	0.8338864903	
0.02339277462	0.1015733383	0.004104615363	2.554963604e-06	0.8709267168	
0.02805814531	0.1249284084	8.389958398e-05	1.112839358e-06	0.8469284338	
0.1195613542	0.04688878788	0.380137112	0.0001671500634	0.4532455959	
0.0009238804941	0.9990492901	1.056395684e-06	2.576110572e-05	1.194642179e-08	
9.388596772e-05	0.999777497	5.696824377e-08	0.000117477399	1.108263287e-05	
0.0001501448414	0.9998358121	4.798012839e-09	2.250406287e-06	1.178789094e-05	
9.136077424e-05	0.9998782982	2.906164123e-07	1.545100324e-05	1.459939843e-05	
8.90968363e-05	0.9998938834	4.829840248e-09	5.471793898e-06	1.154317685e-05	
0.001662258936	0.9983114653	1.236098361e-05	2.244335422e-06	1.167042808e-05	
0.002655561197	0.9973309557	1.039990841e-06	4.294793464e-08	1.240017626e-05	
0.001617374857	0.9983039068	6.305118646e-05	2.951501798e-07	1.537204785e-05	
0.001577437849	0.9984092545	1.047960589e-06	1.045334195e-07	1.215517383e-05	
0.0002672343282	0.9883409352	5.553755673e-08	1.939470366e-07	0.01139158101	
0.0001621766895	0.9857619873	3.354998502e-06	1.328084564e-06	0.01407115297	
0.000158624028	0.9886825465	5.592203811e-08	4.717118728e-07	0.01115830181	
0.01152806357	0.9732215321	0.0009417910445	0.0142474347	6.117858885e-05	
0.001787938184	0.9815588123	0.000670216499	0.0001874142185	0.01579561877	
0.0002590861741	0.9847896515	2.822714692e-07	2.541431552e-08	0.01495095468	
0.0002534570529	0.9878883791	4.705840944e-09	9.028364737e-09	0.01185815014	
0.002855500927	0.9803061672	5.637204203e-05	3.585330734e-06	0.01677837448	
0.0001537984016	0.9852000291	2.842458028e-07	6.181628936e-08	0.01464582639	
0.001696926413	0.981783649	5.682820837e-05	8.73025359e-06	0.01645386616	
0.09366163291	1.02998065e-08	9.356183946e-09	1.759382003e-07	0.9063381715	
0.3008011332	1.090298631e-08	1.065175759e-08	1.564675307e-06	0.6991972806	
0.2699527308	1.079527258e-08	2.062499054e-08	1.838630248e-07	0.7300470539	
0.2705590519	1.083108328e-08	9.890924526e-09	1.877067312e-07	0.7294407397	
0.5706033171	1.874404902e-06	1.670885003e-06	0.0005538592896	0.4288392784	
0.2886020092	1.097782465e-08	1.215267115e-08	2.321126907e-05	0.7113747564	
0.0001264365231	1.076285306e-08	7.289189739e-06	1.806361087e-07	0.9998660829	
0.3484225507	1.132990793e-08	2.411043e-08	1.889742599e-07	0.6515772248	
0.6012737107	5.859264105e-08	5.322970592e-08	0.01156240429	0.3871637732	
0.07593259946	9.493547171e-09	7.268542782e-09	4.650297541e-08	0.9240673373	
0.06596944827	9.099614323e-09	1.362467533e-08	5.290019104e-09	0.9340305237	
0.06615913647	9.135533207e-09	6.537954962e-09	5.403999739e-09	0.9338408425	
0.2026396937	2.2960846e-06	1.604035835e-06	2.315780462e-05	0.7973332484	
0.04978170567	8.47917904e-09	9.394531565e-09	4.931699089e-09	0.9502182715	
0.07191711359	9.435902263e-09	8.186191902e-09	6.809880599e-07	0.9280821878	
2.415257779e-05	7.091736687e-09	3.763981472e-06	4.062592168e-09	0.9999720723	
0.2272197337	1.033058317e-08	1.663543402e-08	5.0455298e-08	0.7727801889	
0.227760019	1.036621522e-08	7.978740986e-09	5.151685264e-08	0.7722399111	
0.8621267131	1.518084022e-08	1.274626689e-05	7.437154274e-08	0.1378604511	
0.1790489926	1.005204844e-08	1.197793684e-08	4.911849139e-08	0.8209509363	
0.2439075784	1.054812184e-08	9.841918103e-09	6.395564507e-06	0.7560860057	
0.0001005397495	9.730285198e-09	5.554264614e-06	4.682996974e-08	0.9998938494	
0.298344211	1.102987636e-08	1.978328339e-08	5.27555392e-08	0.7016557054	
0.5506444608	6.100634936e-08	4.671272284e-08	0.00345224225	0.4459031892	
0.2022353806	1.015499599e-08	1.528545038e-08	5.989504333e-09	0.797764588	
0.8431176247	1.637920295e-08	2.689455114e-05	9.523262848e-09	0.1568554548	
0.1578673442	9.77810919e-09	2.278592516e-08	5.670578351e-09	0.8421326176	
8.641696802e-05	9.227130954e-09	1.030035087e-05	5.27044175e-09	0.9999032682	
0.2676509454	1.091695951e-08	3.829250389e-08	6.196995024e-09	0.7323489992	
0.8435356105	1.640483839e-08	1.287503269e-05	9.705370689e-09	0.1564514883	
0.4770281774	1.967659217e-06	1.381883312e-06	2.013428708e-05	0.5229483387	
0.1582764986	9.813929931e-09	1.09309922e-08	5.791120341e-09	0.8417234748	
0.217606244	1.039357667e-08	9.064812357e-09	7.61023311e-07	0.7823929755	
8.668349559e-05	9.265481957e-09	4.943769307e-06	5.385121572e-09	0.9999083581	
0.2682539997	1.095325158e-08	1.836369099e-08	6.32658977e-09	0.7317459646	
0.7994625445	1.917814583e-08	2.330216651e-05	1.115599044e-08	0.200514123	
0.8550017039	1.579947397e-08	1.503174762e-05	1.140400617e-06	0.1449821082	
0.001757180319	7.266577427e-08	0.04229540039	4.16331511e-08	0.955947305	
0.8859919888	1.399615129e-08	2.559756147e-05	7.969243926e-09	0.1139823917	
0.0003104413659	2.722892382e-06	0.001418204359	2.698274042e-05	0.9982416486	
0.5680367659	1.903235789e-06	3.114782068e-06	1.874335318e-05	0.4319394727	
0.776237415	4.085336575e-06	0.01386792485	0.2097799635	0.0001106112676	
0.6907574937	0.001283709013	0.009286368213	0.2985622688	0.0001101602598	
0.4423810754	0.008934391739	0.008763736056	0.5397586871	0.0001621097019	
0.6982013863	0.005192153527	3.013492422e-06	0.2964759948	0.000127451942	
0.7633043605	2.907580387e-06	0.0008315747519	0.2357853773	7.577986625e-05	
0.1705871164	1.00503193e-08	1.357022206e-08	7.235593183e-07	0.8294121364	
6.410247108e-05	8.451743924e-09	6.981517206e-06	4.829867014e-09	0.9999289027	
0.2132743346	1.07417592e-08	2.788082538e-08	6.100471045e-09	0.7867256207	
9.481147018e-05	9.629408084e-09	6.228453661e-06	6.828129263e-07	0.9998982676	
0.2862099418	1.110423604e-08	2.25681553e-08	7.825100813e-07	0.713789242	
0.5113391117	5.945162306e-08	5.158263339e-08	0.04956713032	0.4390936469	
0.0001249638461	1.08499136e-08	1.349056207e-05	6.069069321e-09	0.9998615287	
3.560547116e-05	1.020305709e-08	7.260845427e-09	0.9999563573	8.019746821e-06	
6.282087047e-05	1.02081407e-08	7.264370986e-09	0.9999291384	8.02329583e-06	
3.827836584e-05	1.020464234e-08	7.261798864e-09	0.999953681	8.023132956e-06	
5.565742054e-05	1.020736966e-08	7.263735687e-09	0.9999362901	8.034959346e-06	
6.339685491e-05	1.02074181e-08	7.263860679e-09	0.99992856	8.025649868e-06	
8.519103968e-05	1.021064355e-08	7.266225854e-09	0.9999067666	8.024857484e-06	
2.296319754e-05	1.019991976e-08	7.25950821e-09	0.9999689948	8.024528414e-06	
6.858889551e-05	1.020871059e-08	7.264852356e-09	0.9999233688	8.024857324e-06	
2.346027551e-05	1.020011554e-08	7.259640386e-09	0.9999684975	8.024799974e-06	
1.882923064e-05	1.024836292e-08	7.314024602e-09	0.9999731353	8.017940689e-06	
0.0001751847956	5.573318215e-07	3.504284478e-08	0.9998152516	8.971249975e-06	
5.184794508e-08	8.105488675e-09	5.764904475e-09	0.9999999276	6.648945695e-09	
3.159150652e-08	8.102512195e-09	5.762721948e-09	0.9999999479	6.648647668e-09	
4.593540712e-08	8.104818531e-09	5.764359115e-09	0.9999999335	6.658563725e-09	
5.232335252e-08	8.104919599e-09	5.764502833e-09	0.9999999272	6.650900342e-09	
7.031228725e-08	8.107657243e-09	5.766505382e-09	0.9999999092	6.650388515e-09	
2.469691057e-05	1.334823277e-07	7.954834899e-09	0.9999751542	7.456013887e-09	
1.643939022e-08	8.09812017e-09	5.760435465e-09	0.9999999631	6.636555454e-09	
1.895145962e-08	8.098638529e-09	5.76081601e-09	0.9999999605	6.64970231e-09	
5.660879518e-08	8.105987913e-09	5.765319721e-09	0.9999999229	6.650278054e-09	
1.936170623e-08	8.098798004e-09	5.760923762e-09	0.9999999601	6.64993065e-09	
1.553964456e-08	8.137068273e-09	5.80405373e-09	0.9999999639	6.644215758e-09	
4.285539131e-08	8.104359263e-09	5.764029319e-09	0.9999999366	6.64064611e-09	
5.574030757e-08	8.10676969e-09	5.765676885e-09	0.9999999237	6.651770821e-09	
8.10488e-08	8.109077149e-09	5.767314829e-09	0.9999998984	6.661691462e-09	
9.231974153e-08	8.109178231e-09	5.767458592e-09	0.9999998871	6.654024448e-09	
1.240595601e-07	8.111917201e-09	5.769462088e-09	0.9999998554	6.653512288e-09	
4.357460559e-05	1.335499485e-07	7.958763823e-09	0.9999562764	7.459375652e-09	
2.900579234e-08	8.102375451e-09	5.763389296e-09	0.9999999505	6.639673003e-09	
3.343810772e-08	8.102894067e-09	5.763770026e-09	0.999999946	6.652826022e-09	
9.98810105e-08	8.110247079e-09	5.76827588e-09	0.9999998796	6.653401845e-09	
3.416195013e-08	8.103053623e-09	5.763877831e-09	0.9999999453	6.653054467e-09	
7.561439561e-08	8.108617658e-09	5.766984877e-09	0.9999999039	6.643765446e-09	
2.551362826e-07	4.42816432e-07	2.782692904e-08	0.9999992668	7.438854895e-09	
4.938389976e-08	8.106099444e-09	5.765131455e-09	0.9999999301	6.66139294e-09	
7.559081668e-08	8.108938589e-09	5.767277999e-09	0.9999999039	6.653214244e-09	
2.65509239e-05	1.335031766e-07	7.955886007e-09	0.9999733002	7.459168133e-09	
2.037419591e-08	8.099918481e-09	5.761587887e-09	0.9999999591	6.652527773e-09	
6.085856727e-08	8.107269004e-09	5.766092185e-09	0.9999999186	6.653103743e-09	
2.081524082e-08	8.100077981e-09	5.761695653e-09	0.9999999587	6.65275621e-09	
1.670624686e-08	8.138354301e-09	5.804831402e-09	0.9999999627	6.647038892e-09	
4.607265901e-08	8.105640105e-09	5.764801616e-09	0.9999999334	6.643467713e-09	
1.554572735e-07	4.426538572e-07	2.781639629e-08	0.9999993666	7.438522054e-09	
8.179195773e-08	8.108507819e-09	5.766913017e-09	0.9999998977	6.663649855e-09	
1.099122914e-07	8.111246593e-09	5.768916345e-09	0.9999998695	6.663136978e-09	
3.860571869e-05	1.335395697e-07	7.958050422e-09	0.9999612453	7.470203084e-09	
2.569808455e-08	8.101705543e-09	5.762844065e-09	0.9999999538	6.649277602e-09	
2.962495594e-08	8.10222412e-09	5.763224762e-09	0.9999999498	6.662449651e-09	
8.849096911e-08	8.109576586e-09	5.767730233e-09	0.999999891	6.663026357e-09	
3.026625418e-08	8.102383664e-09	5.763332557e-09	0.9999999492	6.662678427e-09	
2.260415387e-07	4.427798312e-07	2.782429726e-08	0.9999992959	7.44961574e-09	
1.251970947e-07	8.111347668e-09	5.769060125e-09	0.9999998543	6.655468273e-09	
4.397413506e-05	1.335405188e-07	7.958206158e-09	0.9999558769	7.46156557e-09	
2.927175408e-08	8.101806595e-09	5.762987761e-09	0.9999999502	6.641624926e-09	
3.374471053e-08	8.102325174e-09	5.763368464e-09	0.9999999457	6.654781811e-09	
1.007968457e-07	8.109677665e-09	5.767874001e-09	0.9999998787	6.655357799e-09	
3.447519004e-08	8.102484719e-09	5.763476262e-09	0.999999945	6.655010323e-09	
2.766967925e-08	8.140772434e-09	5.806625357e-09	0.9999999517	6.649291086e-09	
7.630772387e-08	8.108048361e-09	5.766583089e-09	0.9999999032	6.645718569e-09	
5.909168999e-05	1.335836084e-07	7.960850572e-09	0.9999407593	7.460878694e-09	
3.933547638e-08	8.104543252e-09	5.764989829e-09	0.9999999402	6.641113864e-09	
4.534624944e-08	8.105061993e-09	5.765370656e-09	0.9999999341	6.654269727e-09	
1.35451119e-07	8.112416781e-09	5.769877625e-09	0.999999844	6.654845517e-09	
4.632787012e-08	8.10522159e-09	5.765478489e-09	0.9999999331	6.65449822e-09	
3.718260314e-08	8.143522257e-09	5.808642588e-09	0.9999999422	6.648779439e-09	
1.025425608e-07	8.110786995e-09	5.768586313e-09	0.9999998769	6.645207085e-09	
3.459966304e-07	4.429348724e-07	2.783465452e-08	0.9999991758	7.440468585e-09	
4.757558012e-05	1.335576404e-07	7.959305285e-09	0.9999522754	7.460840593e-09	
3.601725907e-05	1.335323477e-07	7.957615692e-09	0.9999638338	7.45012068e-09	
0.0001215173855	7.291609616e-06	3.839365412e-08	0.9998711443	8.340942402e-09	
0.07492318963	7.790521758e-05	4.80976903e-05	0.9249507937	1.372138645e-08	
0.02788489095	0.0003150987663	2.637845581e-05	0.9717736201	1.173447892e-08	
0.9910909109	0.006551241587	0.0008242979346	0.001533428321	1.212531261e-07	
0.05913715508	9.09766041e-05	9.093172033e-05	0.9406809207	1.594534237e-08	
1.060219635e-08	8.095527818e-09	5.759301823e-09	0.9999999689	6.640428467e-09	
3.166920036e-08	8.102874514e-09	5.763804446e-09	0.9999999478	6.641003518e-09	
1.083170454e-08	8.095687233e-09	5.759409547e-09	0.9999999687	6.640656489e-09	
8.693492003e-09	8.13394279e-09	5.80252817e-09	0.9999999707	6.634949557e-09	
2.397500178e-08	8.10124644e-09	5.762514348e-09	0.9999999555	6.631384966e-09	
8.089588674e-08	4.424139398e-07	2.78053612e-08	0.9999994415	7.4249937e-09	
3.650850562e-08	8.103393158e-09	5.764185201e-09	0.999999943	6.65415917e-09	
1.248687503e-08	8.096205444e-09	5.75979003e-09	0.999999967	6.653811475e-09	
1.002192664e-08	8.134463451e-09	5.802911503e-09	0.9999999694	6.648093239e-09	
2.763857245e-08	8.10176499e-09	5.762895024e-09	0.9999999519	6.644521572e-09	
9.325741983e-08	4.424422543e-07	2.78071978e-08	0.9999994291	7.43970236e-09	
3.729881364e-08	8.103552724e-09	5.764293013e-09	0.9999999422	6.65438766e-09	
2.99359107e-08	8.14184549e-09	5.807448226e-09	0.9999999495	6.648668961e-09	
8.255755977e-08	8.109117071e-09	5.767400261e-09	0.9999998969	6.645096752e-09	
2.785637362e-07	4.428436979e-07	2.782893289e-08	0.9999992433	7.440345401e-09	
2.823687099e-08	8.101924525e-09	5.763002814e-09	0.9999999513	6.644749732e-09	
9.527618453e-08	4.42450966e-07	2.780771787e-08	0.999999427	7.439957815e-09	
2.266282394e-08	8.140209583e-09	5.806148357e-09	0.9999999568	6.639039305e-09	
7.646836722e-08	4.445417409e-07	2.801590463e-08	0.9999994435	7.433564076e-09	
4.230821203e-05	1.210714478e-08	1.567749674e-08	0.9999576548	9.168203819e-09	
1.539603685e-08	2.331853971e-05	4.757023174e-05	0.9999290837	1.210044086e-08	
2.10885226e-07	4.42754746e-07	2.782270568e-08	0.9999993111	7.429569563e-09	
0.2491799496	7.200492541e-06	0.2579202893	0.4928925421	1.852977581e-08	
0.2576262076	2.799115798e-05	0.6452849516	0.09706083109	1.847209089e-08	
0.1787976969	3.179683015e-08	0.4914246699	0.3297775839	1.753336863e-08	
0.2955710395	2.426230347e-08	0.000152291819	0.704276626	1.836361728e-08	
0.1233134222	3.872459882e-05	0.1880854578	0.6885623742	2.10707766e-08	
0.4270855271	7.845557333e-05	0.5727301191	0.0001058769989	2.121629957e-08	
9.220568832e-05	4.005928652e-05	0.3961381667	0.6037295476	2.077718622e-08	
0.154755981	9.115585447e-06	0.5283797965	0.3168550884	1.854011497e-08	
0.1658928431	7.092441597e-06	0.411288986	0.4228110603	1.816253249e-08	
0.3397036006	3.928032704e-05	0.0001128864111	0.6601442037	2.891502855e-08	
0.1278893264	7.340899781e-06	0.4455011287	0.4266021857	1.826448098e-08	
7.972739852e-05	9.43253152e-07	0.4257463017	0.5741730097	1.80050414e-08	
0.2836304337	0.01088156521	0.5345861623	0.1709018161	2.276005958e-08	
0.1661644276	1.043440472e-05	0.3436659282	0.4901591916	1.823627147e-08	
0.2078456871	6.024470524e-06	8.058590718e-05	0.792067688	1.445213202e-08	
0.08937285365	0.009910371092	0.102577918	0.7981388401	1.709111381e-08	
0.4820734764	0.03127014525	0.4864652167	0.0001911348541	2.680171415e-08	
7.215429205e-05	0.01106917825	0.2332676587	0.7555909906	1.819641098e-08	
0.1456752171	0.003029915474	0.3742724172	0.4770224307	1.9531932e-08	
0.143741275	0.002169987969	0.2681663676	0.5859223518	1.76126537e-08	
0.2410182824	0.009840850794	6.026912553e-05	0.7490805748	2.29597953e-08	
7.570852665e-05	0.005828301815	0.4019354448	0.592160526	1.878521959e-08	
0.3008352261	6.291852267e-06	0.01898837264	0.6801700938	1.558608547e-08	
0.1114019325	0.002257955794	0.2920186714	0.5943214225	1.780575156e-08	
6.434400042e-05	0.0002688044446	0.2585560691	0.7411107662	1.626256849e-08	
0.1522791593	3.595438015e-05	0.7621281008	0.08555676943	1.611415023e-08	
0.5790792867	6.31099173e-05	0.000543306869	0.4203142577	3.88237855e-08	
0.2713066101	0.06616963665	0.6625032506	2.048810725e-05	1.454382545e-08	
9.619561812e-05	0.05548686835	0.752552379	0.1918645336	2.339094683e-08	
0.1575382766	0.008942184723	0.7112102217	0.1223092984	1.86122269e-08	
6.83659854e-05	0.01978878046	0.8782955305	0.1018473067	1.635612815e-08	
0.6315338358	4.966245287e-05	0.09645944626	0.2719570239	3.154815268e-08	
0.1185465562	0.009034276246	0.7519620464	0.1204571029	1.826944994e-08	
0.2195675423	3.916686425e-08	0.0002260522548	0.7802063462	2.013285733e-08	
0.08080510327	5.514369671e-05	0.2462689538	0.6728707789	2.037745313e-08	
5.449346676e-05	5.144823071e-05	0.4677991395	0.5320949007	1.812234429e-08	
0.09194844862	1.176960914e-05	0.6272911706	0.2807485949	1.625737067e-08	
0.06371358724	0.0002827467526	0.8909787683	0.04499815017	2.67475632e-05	
0.1025135904	9.52423435e-06	0.5078399724	0.3896368965	1.656422494e-08	
0.2564814856	6.444830147e-05	0.0001703034885	0.7432837304	3.221962024e-08	
4.674675722e-05	2.21473375e-05	0.6590003147	0.3409307759	1.529569952e-08	
0.3052699627	3.929223181e-08	0.05116414863	0.6435658285	2.085637423e-08	
0.07730891981	9.643287415e-06	0.5381088339	0.3845725867	1.629459468e-08	
4.670514053e-05	1.20078669e-06	0.4983494481	0.5016026304	1.556654156e-08	
0.08504501776	2.67888585e-05	4.85891624e-05	0.9148795906	1.358791745e-08	
0.9988371191	0.0001840485392	0.0005017362852	0.0004770496353	4.639629377e-08	
7.925530187e-05	3.453842869e-05	0.0001275448613	0.9997586447	1.669902728e-08	
0.1691706707	7.254741541e-06	0.0001571050586	0.8306649522	1.731839564e-08	
0.2107931821	2.444895269e-05	2.62387864e-08	0.789182326	1.67769831e-08	
0.0001060926105	2.320082428e-05	0.0002803747689	0.9995903098	2.199357861e-08	
0.2685605721	1.595559934e-08	8.438079102e-06	0.7314309622	1.162491808e-08	
0.1346291995	7.751451143e-06	0.000175670744	0.8651873603	1.797819682e-08	
7.205903009e-05	8.551412167e-07	0.0001441376282	0.999782933	1.521628994e-08	
0.3131805343	0.2207694051	0.4656994987	0.0003505219316	4.000895562e-08	
2.778314352e-05	0.04631930759	0.1323567812	0.8212961119	1.609971062e-08	
0.06485112921	0.01063949075	0.1782841823	0.7462251795	1.825887293e-08	
3.253062384e-05	0.02721554878	0.2544933027	0.7182585994	1.854714187e-08	
0.1337682162	3.040396541e-05	0.01244183529	0.8537595286	1.592481595e-08	
0.04964534737	0.01093525033	0.1917648054	0.7476545787	1.823304732e-08	
2.598643708e-05	0.001179784242	0.1538742223	0.8449199919	1.509179647e-08	
0.0001935724947	0.1887803091	0.8107720377	0.0002540480485	3.26110609e-08	
0.2241520208	0.02963789345	0.7461180751	9.199058924e-05	2.007705003e-08	
0.08059710875	0.3694639508	0.5499141491	7.650848858e-06	1.714047955e-05	
0.2846139978	0.02731441627	0.6879261633	0.0001453993429	2.329685367e-08	
0.7934767457	0.2059570669	0.0002570643552	0.0003090725011	5.049518192e-08	
0.0001356932338	0.06640721487	0.9333240545	0.0001330149534	2.24919644e-08	
0.9240507985	0.0001228585852	0.07556447318	0.0002618377776	3.198172797e-08	
0.22096422	0.02847111664	0.7504168998	0.0001477400462	2.359322195e-08	
2.840134413e-05	0.3079130185	0.620823475	0.07120770731	2.739785944e-05	
4.658882858e-05	0.01057435798	0.3607623165	0.6286167194	1.729804572e-08	
9.171156872e-05	0.05629932225	9.518874142e-05	0.943513751	2.647366648e-08	
2.037337141e-08	0.02358069092	0.4489427616	0.5274765118	1.531815045e-08	
0.0001290770609	4.058777844e-05	0.03381619079	0.9660141241	2.026419611e-08	
3.466780993e-05	0.01056441618	0.377190601	0.6122102982	1.679058927e-08	
1.822572658e-08	0.001144747285	0.303982154	0.6948730665	1.395847193e-08	
0.04848259576	0.0712634181	0.8422187153	0.03801040516	2.486563563e-05	
0.08768945658	0.002698430424	0.5396305676	0.3699815281	1.73100607e-08	
0.2325005599	0.0193506107	0.0001917764403	0.7479570173	3.568206143e-08	
3.881087308e-05	0.006090299693	0.6796593119	0.314211562	1.551432208e-08	
0.2818093243	1.201415414e-05	0.05867333352	0.6595053045	2.352185848e-08	
3.970410543e-05	0.0003381051726	0.5262697899	0.4733523847	1.616681262e-08	
0.06386725229	0.06813809881	0.8056342569	0.06233045729	2.993475495e-05	
0.2159054455	0.6229916163	0.0003650441349	0.1606592192	7.867482628e-05	
2.314213335e-05	0.1259031444	0.8307144777	0.04333727088	2.196489064e-05	
0.04665483411	0.06682751407	0.8268970098	0.05959211748	2.852452402e-05	
3.308577989e-05	0.00976800131	0.8989280452	0.0912388805	3.198722964e-05	
0.1974100461	0.01192534404	0.0001182391146	0.790546343	2.768719486e-08	
4.36507207e-05	0.004971731475	0.5550727997	0.4399118022	1.594610365e-08	
0.2460386414	7.61328619e-06	0.03719712667	0.7167565999	1.876736792e-08	
0.0705089481	0.002114394171	0.4426996182	0.484677023	1.6592182e-08	
4.086180422e-05	0.0002525602114	0.3932884862	0.6064180766	1.520513574e-08	
0.0001250801045	0.03853109114	0.0002131909914	0.9611306022	3.552434842e-08	
0.3104329487	2.598025876e-05	6.290656481e-06	0.689534762	1.840952484e-08	
0.158149874	0.01282677257	0.0001330931943	0.8288902313	2.893362438e-08	
3.204000079e-05	0.00489954376	0.5724612902	0.4226071108	1.52679231e-08	
1.788983027e-08	0.000563864846	0.4899915707	0.5094445331	1.348053603e-08	
0.1989964345	8.267248796e-06	0.04227138212	0.7587238963	1.980020216e-08	
0.0001168462568	1.000544002e-06	0.03804913067	0.9618330041	1.838453411e-08	
3.034333805e-05	0.000251801102	0.4103478181	0.5893700227	1.472856378e-08	
