1.023514443e-08	1.037003456e-08	0.9531052818	0.04689467759	2.003393984e-08	
6.384110391e-08	6.407762066e-08	0.006390604357	0.9933850192	0.0002242484815	
9.683868978e-09	9.990956268e-09	0.9710898478	0.02890821577	1.91671947e-06	
8.967449632e-09	8.726875551e-06	0.9999573819	3.387266499e-05	9.549201808e-09	
9.820184767e-09	9.965748387e-09	0.9673920453	0.03260617463	1.760299615e-06	
9.024346729e-09	9.242512038e-09	0.98339801	0.01660196125	1.044829003e-08	
9.246009214e-09	9.953093588e-09	0.9778365526	0.02216341827	9.967818714e-09	
9.404921027e-09	9.410567232e-09	0.9962461765	0.003741611464	1.219320423e-05	
9.61487988e-09	9.817147171e-09	0.9732345833	0.02676324909	2.148212242e-06	
3.629058995e-08	2.626388364e-05	0.3479659469	0.652007716	3.691400624e-08	
1.003430688e-08	1.040161704e-08	0.9638913811	0.0361058165	2.781999814e-06	
9.904034297e-09	1.002771655e-08	0.9638811568	0.03611781801	1.005279192e-06	
5.277606326e-08	5.302003644e-08	0.005031679729	0.9946217234	0.0003464911168	
1.008826393e-08	1.041769481e-08	0.9635214785	0.03647476891	3.732089721e-06	
9.415216208e-09	9.171010176e-06	0.9999477269	4.307392511e-05	1.873934528e-08	
1.022008699e-08	1.038106457e-08	0.9588968684	0.04109968692	3.424108498e-06	
9.649679771e-09	1.03971356e-08	0.971984417	0.02801554352	1.944395918e-08	
3.236964381e-08	2.344768003e-05	0.2956072574	0.704369201	6.154050616e-08	
9.363955259e-09	2.249283095e-08	0.9813693465	0.01863059879	2.285751488e-08	
1.043308693e-08	1.082488643e-08	0.9545265203	0.04546805201	5.406404477e-06	
1.029762129e-08	1.04357549e-08	0.95451493	0.04548309568	1.953608174e-06	
7.665433484e-08	7.841726195e-08	0.007870028878	0.9412402096	0.05088960644	
6.963975535e-08	7.007519214e-08	0.007023752296	0.9511057287	0.04187037928	
3.186725557e-08	3.910516484e-08	0.002220933043	0.9976615022	0.0001174937625	
2.035233661e-07	2.024393909e-07	0.02240572765	0.00144591274	0.9761479536	
1.641110544e-07	1.628228252e-07	0.01779829693	0.2685546891	0.713646687	
8.128405726e-08	8.229313616e-08	0.008423801813	0.9306614312	0.06091460336	
1.352907073e-08	9.70844526e-06	0.0001328127536	0.9998113072	4.615809148e-05	
6.317539085e-08	6.493490663e-08	0.006213234612	0.9350376508	0.05874898644	
6.476506051e-08	6.50200787e-08	0.006453290679	0.9714971145	0.022049465	
8.74326293e-09	8.672261029e-06	0.9999634977	2.606156513e-05	1.759684928e-06	
9.644025087e-09	9.975106842e-09	0.9744044252	0.02526882552	0.0003267296265	
8.83248222e-09	9.219895301e-09	0.9871755427	0.01282250652	1.932749047e-06	
9.045194846e-09	9.248064197e-09	0.9975430984	1.232823484e-05	0.002444555065	
9.061098368e-09	9.941537997e-09	0.9828581749	0.01713995984	1.846247431e-06	
9.157179043e-09	9.338805278e-09	0.994881336	0.002874827392	0.002243818119	
9.428931068e-09	9.812346259e-09	0.9788906812	0.02071113828	0.0003981612902	
4.164436494e-08	3.071780129e-05	0.4095406576	0.5904205769	8.006019556e-06	
8.759964611e-09	2.142688632e-08	0.9886421408	0.01135566675	2.162266862e-06	
9.860461869e-09	1.04178885e-08	0.9714848657	0.02799842385	0.0005166902014	
8.900199737e-09	8.683417077e-06	0.9999601778	2.950764272e-05	1.622252358e-06	
8.045934295e-09	7.922301799e-06	0.9999772802	1.478000825e-05	9.472348192e-09	
8.154092776e-09	7.863940905e-06	0.9999802576	1.406263351e-08	1.185621381e-05	
8.661861276e-09	8.502630614e-06	0.9999654461	2.407469366e-05	1.967869408e-06	
8.584194648e-08	0.0597262329	0.9387336204	0.001539972041	8.878680657e-08	
7.967967046e-09	1.838382709e-05	0.9999685279	1.306970709e-05	1.058139547e-08	
8.975832722e-09	9.216161434e-09	0.9855047217	0.01449348133	1.778790215e-06	
9.209324909e-09	9.261744802e-09	0.9977319526	1.396106585e-05	0.002254067819	
9.319666695e-09	9.348934149e-09	0.9946775188	0.00325430503	0.002068157508	
9.572289352e-09	9.798471375e-09	0.9762474112	0.02338649479	0.0003660746685	
3.93220495e-08	2.853002382e-05	0.3798824839	0.6200821005	6.846267025e-06	
8.903862417e-09	2.142235738e-08	0.987160004	0.01283797531	1.990410559e-06	
1.000086257e-08	1.039326527e-08	0.9679403278	0.0315850518	0.0004745999766	
8.344002691e-09	8.468830549e-09	0.9999797837	7.008557606e-06	1.31909517e-05	
8.400651217e-09	9.14959317e-09	0.9902070312	0.009792941239	1.00124834e-08	
8.456117266e-09	8.560846498e-09	0.9983518287	0.001636033926	1.212039402e-05	
8.75879329e-09	9.048378935e-09	0.9881413045	0.01185651416	2.163518673e-06	
5.148078302e-08	3.769598756e-05	0.5501599432	0.4498022515	5.789290512e-08	
8.101032833e-09	1.96704006e-08	0.9935282077	0.006471752788	1.169680177e-08	
9.070763567e-09	9.29220591e-09	0.9839121145	0.0160868492	1.017891414e-06	
1.314515968e-08	1.640932714e-08	0.9263792001	0.07361768762	3.082763554e-06	
1.331640905e-08	1.648392042e-08	0.9022933174	0.09770523403	1.418739662e-06	
1.116136897e-07	0.001606090862	0.4726939899	0.5256996949	1.127141068e-07	
4.065466404e-05	2.780780562e-05	0.8491825147	0.150749004	1.883075889e-08	
0.0001235023899	6.774966548e-05	0.9996886901	0.0001200327802	2.508709124e-08	
2.139925815e-08	2.833473913e-05	0.5120546093	0.4879170145	2.009574751e-08	
1.584053474e-05	2.102445298e-07	0.5780426794	0.4219412511	1.87536867e-08	
0.0001087806547	2.583426888e-05	0.0002496475118	0.9996157029	3.466213057e-08	
1.723080697e-08	1.111897768e-06	0.6884423481	0.3115565065	1.627431058e-08	
1.883475488e-08	2.556807777e-08	0.5299713242	0.4700286132	1.81384816e-08	
8.597560308e-09	9.171782615e-09	0.9999779168	9.409536708e-06	1.265590739e-05	
8.958382298e-09	9.064540354e-09	0.997255625	1.138505556e-05	0.00273297189	
8.263213249e-09	1.96522131e-08	0.999979039	6.197596577e-06	1.473550079e-05	
9.431827139e-09	9.689114096e-09	0.9964139137	1.54951653e-05	0.003570572031	
9.330752256e-09	9.362273589e-09	0.998691252	1.553590717e-05	0.001293193355	
8.988463735e-09	9.759812801e-09	0.984143981	0.01585393291	2.067369973e-06	
4.59625959e-08	3.537398968e-05	0.4767017711	0.5232627608	4.812836536e-08	
8.328756984e-09	2.125604775e-08	0.9913303302	0.008669629053	1.119755723e-08	
9.295197577e-09	1.000836459e-08	0.9785194897	0.02147951977	9.7125349e-07	
9.071486229e-09	9.155695607e-09	0.9948352941	0.002655529343	0.002509158323	
8.37582213e-09	1.986948704e-08	0.9985394284	0.001447001179	1.354214415e-05	
9.542434774e-09	9.777867383e-09	0.9931137317	0.003610993258	0.003275255715	
9.438378745e-09	9.446235653e-09	0.9951941724	0.003619799005	0.001186009735	
4.320118006e-08	3.153644815e-05	0.4288442097	0.5711148354	9.375181575e-06	
8.685908153e-09	2.102593087e-08	0.9894985459	0.01049900423	2.420169862e-06	
9.788936752e-09	1.023531599e-08	0.9735033824	0.02591757947	0.0005790181333	
9.665440461e-09	9.871060525e-09	0.9738548442	0.02593582961	0.0002093067008	
5.377867442e-08	9.227277276e-05	0.5803354055	0.4195721997	6.821887255e-08	
3.772064237e-08	2.795556611e-05	0.3553448853	0.6446169637	1.015779751e-05	
3.722336926e-08	2.694519458e-05	0.3552689937	0.6447003541	3.66978813e-06	
9.118001768e-09	2.240844468e-08	0.9857496865	0.01424712938	3.152584102e-06	
8.999694927e-09	2.160310926e-08	0.9857468549	0.01425197534	1.139199109e-06	
1.008943069e-08	1.046118467e-08	0.9647311197	0.03499773786	0.0002711218609	
6.660151461e-07	0.9954490004	3.957296321e-09	3.166447378e-09	0.0045503265	
4.22063939e-07	0.9965137203	3.930387014e-09	3.143569951e-09	0.003485850544	
4.248801744e-07	0.9958746043	4.017313547e-09	3.159791006e-09	0.004124963628	
1.70130175e-05	0.999613048	4.014938732e-09	3.087026242e-09	0.000369931916	
4.219773211e-07	0.9965469245	3.927726536e-09	3.143019198e-09	0.003452646454	
3.131523793e-05	0.9999596899	4.098395617e-09	3.079127465e-09	8.987673512e-06	
4.314574527e-07	0.9997459397	2.22374674e-07	2.985775392e-08	0.0002533766113	
4.220375038e-07	0.9965289052	3.927160297e-09	3.143496467e-09	0.003470665646	
0.0001780760476	0.9510716654	3.421459133e-07	4.306578096e-09	0.04874991215	
4.395103002e-07	0.9999911575	3.808934644e-09	3.056837477e-09	8.396075224e-06	
3.205202693e-05	0.9999589184	3.966364986e-09	3.077250019e-09	9.02254875e-06	
7.719532706e-07	0.9971766341	3.996652312e-09	3.62734695e-09	0.002822586348	
7.548121027e-07	0.9966420082	3.952616861e-09	3.141138507e-09	0.003357229914	
5.532134356e-07	0.9954724414	3.963912175e-09	3.167973899e-09	0.004526998261	
5.43353968e-07	0.9970340315	3.940274445e-09	3.133438693e-09	0.002965418099	
0.0004666830985	0.9902417269	5.832818936e-05	4.673307043e-06	0.009228588486	
8.169397477e-09	0.9989790916	3.540308577e-09	2.74529051e-09	0.001020893964	
8.227639457e-09	0.9987913675	3.620249787e-09	2.760708454e-09	0.001208617848	
3.285799042e-07	0.9998915612	3.608548893e-09	2.690006764e-09	0.0001081039457	
8.167528473e-09	0.9989888398	3.537828785e-09	2.744744864e-09	0.001011145725	
8.332104972e-09	0.9999257297	1.998462963e-07	2.601520743e-08	7.403607307e-05	
8.16879778e-09	0.9989835497	3.537363985e-09	2.745196756e-09	0.001016435841	
3.561836712e-06	0.9852423655	3.184739226e-07	3.886460215e-09	0.01475375032	
8.486145802e-09	0.9999975325	3.422464676e-09	2.662975567e-09	2.452888724e-06	
6.18885899e-07	0.9999967389	3.564033571e-09	2.680842333e-09	2.635994016e-06	
1.493477158e-08	0.9991737218	3.598304927e-09	3.166285494e-09	0.0008262565284	
1.460868551e-08	0.9990168434	3.560008424e-09	2.742917673e-09	0.0009831356923	
1.0715823e-08	0.9986731898	3.57314679e-09	2.76864841e-09	0.001326793192	
1.051318526e-08	0.9991318277	3.547904886e-09	2.735432973e-09	0.0008681554633	
5.209887746e-09	0.9990748341	3.592810021e-09	2.738611141e-09	0.0009251543134	
6.150387825e-09	0.9999892571	3.118218056e-06	5.371134179e-06	2.247400227e-06	
2.080089141e-07	0.9999170574	3.580273014e-09	2.667786262e-09	8.272838666e-05	
5.171584594e-09	0.9992260281	3.510850931e-09	2.722649077e-09	0.000773960483	
3.827724908e-07	0.9999976015	3.653722047e-09	2.660252026e-09	2.009390966e-06	
5.274631904e-09	0.9999431137	1.982787314e-07	2.580010238e-08	5.665690687e-05	
5.172394729e-09	0.9992219779	3.510394036e-09	2.723100714e-09	0.000778010659	
2.262617969e-06	0.9886678911	3.170689437e-07	3.867658885e-09	0.01132952538	
5.372057035e-09	0.9999981115	3.395562299e-09	2.640912543e-09	1.877068119e-06	
3.917787076e-07	0.9999975848	3.536019333e-09	2.65863199e-09	2.017189611e-06	
9.456114185e-09	0.9993675704	3.570710902e-09	3.140659875e-09	0.0006324134359	
9.249989943e-09	0.9992474687	3.532838212e-09	2.720818707e-09	0.000752515838	
6.785638161e-09	0.9989843454	3.54616245e-09	2.746563763e-09	0.001015641554	
6.656603861e-09	0.9993354979	3.52073199e-09	2.713321051e-09	0.0006644892487	
6.195396723e-09	0.9999887411	3.189225998e-06	5.402311629e-06	2.661155068e-06	
2.09528052e-07	0.9999018266	3.661748967e-09	2.683232289e-09	9.795755244e-05	
5.208691056e-09	0.999083669	3.590290168e-09	2.738064317e-09	0.0009163194278	
3.855736975e-07	0.9999972287	3.736925001e-09	2.67569419e-09	2.379327746e-06	
5.20950312e-09	0.9990788746	3.589820259e-09	2.738516468e-09	0.0009211138889	
2.274433014e-06	0.9866099815	3.236143854e-07	3.882013968e-09	0.01338741657	
5.411370984e-09	0.9999977658	3.472886506e-09	2.656242517e-09	2.222643803e-06	
3.94645823e-07	0.9999972105	3.616541942e-09	2.674064745e-09	2.388562149e-06	
9.316396009e-09	0.9991090505	3.612789212e-09	2.736234385e-09	0.0008909338644	
6.834021531e-09	0.998797586	3.626239348e-09	2.761991528e-09	0.001202400777	
6.704500538e-09	0.9992132586	3.600467358e-09	2.728738464e-09	0.0007867283816	
5.787867113e-06	0.9974756905	5.357026476e-05	4.090514327e-06	0.002460860846	
2.471483763e-07	0.9999910815	3.175427829e-06	5.258178837e-06	2.37763737e-07	
6.148920883e-09	0.9999892819	3.116003585e-06	5.370014359e-06	2.225918748e-06	
4.547592491e-07	0.9999910562	3.240310402e-06	5.242906484e-06	5.774581512e-09	
6.149908971e-09	0.9999892697	3.115610665e-06	5.370926849e-06	2.23757614e-06	
1.124155164e-08	0.9999888079	3.168681062e-06	6.193597293e-06	1.818569438e-06	
8.069947085e-09	0.9999885036	3.148102782e-06	5.418488821e-06	2.921700528e-06	
7.913717608e-09	0.9999896058	3.124432089e-06	5.351031739e-06	1.910869564e-06	
7.728892217e-08	0.01018532131	3.967553371e-05	0.9897748568	6.911216622e-08	
0.0001683012478	0.8780427293	0.1217386285	5.031107375e-05	2.99222772e-08	
2.079594607e-07	0.9999178481	3.577733145e-09	2.667232103e-09	8.193770102e-05	
1.538117283e-05	0.9999843999	3.720700774e-09	2.604267601e-09	2.125803497e-07	
2.119671383e-07	0.9999935665	2.019263597e-07	2.525875266e-08	5.994309713e-06	
2.079927916e-07	0.999917419	3.577280511e-09	2.667684215e-09	8.236678384e-05	
9.184363028e-05	0.9986970625	3.26160993e-07	3.824723684e-09	0.001210763902	
2.15871704e-07	0.9999995795	3.45785926e-09	2.585373039e-09	1.985843759e-07	
1.574306951e-05	0.9999840373	3.60083913e-09	2.602680757e-09	2.134053212e-07	
3.80200497e-07	0.9999326692	3.638272024e-09	3.076344516e-09	6.694389827e-05	
3.719528639e-07	0.9999199559	3.600069629e-09	2.665387416e-09	7.966585642e-05	
2.676487359e-07	0.9999293848	3.587450814e-09	2.65783343e-09	7.034129839e-05	
3.826811928e-07	0.9999976208	3.651127256e-09	2.65969738e-09	1.990184456e-06	
5.273376566e-09	0.9999436554	1.981380218e-07	2.579473669e-08	5.611538828e-05	
5.171199377e-09	0.9992294087	3.507927053e-09	2.722553157e-09	0.0007705798578	
2.262323244e-06	0.9887749683	3.16878078e-07	3.867271225e-09	0.01122244863	
5.370775697e-09	0.9999981295	3.393150843e-09	2.640361925e-09	1.859126398e-06	
3.916852615e-07	0.9999976042	3.533508132e-09	2.658077681e-09	1.997908559e-06	
9.4539157e-09	0.9993736115	3.568196565e-09	3.140023986e-09	0.000626372366	
9.247849997e-09	0.9992546561	3.530354595e-09	2.720270947e-09	0.0007453283569	
6.784085395e-09	0.9989940435	3.543678379e-09	2.746017726e-09	0.001005943418	
6.655058284e-09	0.9993418451	3.518253924e-09	2.712772518e-09	0.0006581419795	
3.827426877e-07	0.9999976103	3.650666865e-09	2.660149328e-09	2.000607284e-06	
0.0001691814118	0.9998010432	3.331932641e-07	3.81783054e-09	2.943839895e-05	
3.972093978e-07	0.9999995919	3.528512802e-09	2.577863933e-09	4.823030305e-09	
2.896726885e-05	0.9999710213	3.674366271e-09	2.595087571e-09	5.182919941e-09	
6.99624001e-07	0.9999976676	3.712853178e-09	3.067608757e-09	1.625976023e-06	
6.844556626e-07	0.9999973742	3.673913303e-09	2.657851645e-09	1.934999076e-06	
5.022372459e-07	0.9999968791	3.68873911e-09	2.68370624e-09	2.612280073e-06	
4.925141324e-07	0.9999977927	3.661002664e-09	2.650295135e-09	1.708500065e-06	
5.274222475e-09	0.9999433616	1.981129813e-07	2.579911254e-08	5.640925513e-05	
5.473872034e-09	0.999999642	1.914943697e-07	2.500243594e-08	1.359978656e-07	
9.640971526e-09	0.9999539125	2.014897987e-07	2.975111707e-08	4.584660847e-05	
9.431869153e-09	0.9999452059	1.993749249e-07	2.577688239e-08	5.455947529e-05	
6.78693573e-09	0.9999515955	1.986754802e-07	2.570374989e-08	4.817336859e-05	
0.0001293564233	0.9811404185	0.01790236103	0.0008263225263	1.541560552e-06	
0.000162928814	0.9910978077	0.008738139204	2.727972064e-07	8.515065389e-07	
6.720161075e-08	0.9867042733	0.01065439737	0.002639638453	1.623679374e-06	
2.262553832e-06	0.9887168577	3.168195037e-07	3.867701091e-09	0.01128055902	
5.371638756e-09	0.9999981197	3.392722985e-09	2.64081059e-09	1.868862861e-06	
3.917482033e-07	0.9999975937	3.533062572e-09	2.658529354e-09	2.008371839e-06	
9.455403976e-09	0.9993703331	3.567734964e-09	3.140547285e-09	0.0006296506923	
9.249300071e-09	0.9992507557	3.529895692e-09	2.720722597e-09	0.0007492288118	
6.785139887e-09	0.9989887806	3.543212908e-09	2.746469902e-09	0.001011206345	
6.656104844e-09	0.9993384006	3.5177982e-09	2.713224161e-09	0.0006615864724	
0.0001731613605	0.9997969598	3.224583086e-07	3.815490043e-09	2.955253208e-05	
4.144520031e-06	0.9908079628	3.228977401e-07	4.469555965e-09	0.009187565279	
4.047597848e-06	0.9890809861	3.189544206e-07	3.865784489e-09	0.0109146435	
2.958732178e-06	0.9853178278	3.19023272e-07	3.888540099e-09	0.01467889058	
2.916260101e-06	0.9903473837	3.182403846e-07	3.859727696e-09	0.009649377934	
0.002453594916	0.963509889	0.004614712944	5.638935893e-06	0.02941616418	
4.065553022e-07	0.9999995826	3.414843663e-09	2.576294088e-09	4.841748998e-09	
9.818942599e-09	0.9999984648	3.450516415e-09	3.045308748e-09	1.518902335e-06	
9.606061096e-09	0.9999981768	3.414327908e-09	2.638530384e-09	1.807575629e-06	
7.048697646e-09	0.9999975466	3.428105714e-09	2.664196669e-09	2.440256027e-06	
6.912237183e-09	0.9999983911	3.402328793e-09	2.631028269e-09	1.595991692e-06	
7.16085382e-07	0.999997645	3.593245565e-09	3.06574063e-09	1.632286587e-06	
7.005601487e-07	0.9999973507	3.555560114e-09	2.656233052e-09	1.942508986e-06	
5.140543347e-07	0.9999968573	3.569908321e-09	2.682071907e-09	2.622418576e-06	
5.041024489e-07	0.9999977746	3.543065404e-09	2.648681158e-09	1.715130921e-06	
1.690937572e-08	0.9993909618	3.590528276e-09	3.137900173e-09	0.00060901455	
1.240505861e-08	0.9991779761	3.604251088e-09	3.16775083e-09	0.0008220046879	
1.216835108e-08	0.9994622159	3.578164262e-09	3.129200621e-09	0.0005377651913	
0.000141579801	0.9993972502	7.195166647e-05	0.000370796079	1.842230087e-05	
1.051022519e-05	0.998248534	5.326640133e-05	4.693292067e-06	0.001682996041	
1.213421614e-08	0.9990219042	3.565894181e-09	2.744189295e-09	0.0009780773561	
1.190331963e-08	0.9993600775	3.540276194e-09	2.710940078e-09	0.00063990434	
1.027908581e-05	0.9979307459	5.269098707e-05	4.065090311e-06	0.002002218958	
8.732420626e-09	0.9991362968	3.553768526e-09	2.736699503e-09	0.0008636882004	
7.398280963e-06	0.9981677582	5.251827202e-05	4.054493928e-06	0.001768270735	
0.009661021249	6.505930218e-09	4.549136173e-09	5.590266448e-09	0.9903389621	
0.05542614057	7.360585933e-09	5.147011534e-09	7.141641103e-09	0.9445738398	
0.0417531614	7.105035753e-09	4.968504642e-09	6.073230096e-09	0.9582468205	
0.05259554476	7.307384813e-09	5.10995367e-09	6.268910307e-09	0.9474044366	
0.2549579469	1.502293747e-08	2.263480721e-08	2.801064724e-05	0.7450140048	
0.05720262298	7.406366207e-09	5.179097928e-09	5.303532785e-08	0.9427973114	
2.058893595e-05	6.301844552e-09	4.434485276e-09	5.410616666e-09	0.9999793949	
0.07498833011	7.72495738e-09	5.402014607e-09	6.62855143e-09	0.9250116501	
0.1341444685	4.269951908e-08	2.985329126e-08	0.0004190105236	0.8654364484	
0.009710377077	6.510534076e-09	4.552626543e-09	4.039694504e-09	0.9902896078	
0.007228636076	6.210349437e-09	4.342882958e-09	3.394812388e-09	0.99277135	
0.009191752002	6.447540695e-09	4.508704077e-09	3.537288182e-09	0.9908082335	
0.05409274169	1.609192774e-08	2.424558511e-08	1.918768726e-05	0.9458880303	
0.006091483103	6.073013517e-09	4.246862926e-09	3.319894211e-09	0.9939085033	
0.01003717793	6.561205411e-09	4.58812489e-09	3.004622974e-08	0.9899627809	
3.440618338e-06	5.316833453e-09	3.741375027e-09	2.919297864e-09	0.9999965474	
0.04195952182	7.108886685e-09	4.971493745e-09	4.387972118e-09	0.9580404617	
0.05285253684	7.310936574e-09	5.112741954e-09	4.529099835e-09	0.9471474462	
0.1796866124	9.661230345e-09	6.804652166e-09	5.963879552e-09	0.8203133652	
0.03555444468	6.990149896e-09	4.888478422e-09	4.314882887e-09	0.9644455391	
0.05748076111	7.409790112e-09	5.181800884e-09	3.831552515e-08	0.942519188	
2.069514904e-05	6.306617625e-09	4.43810839e-09	3.910068626e-09	0.9999792902	
0.07534603603	7.72781962e-09	5.404338111e-09	4.788376761e-09	0.9246539461	
0.1347589023	4.270727261e-08	2.986049103e-08	0.0003026304223	0.8649383947	
0.03978769296	7.052370034e-09	4.932108561e-09	3.848945867e-09	0.9602122912	
0.139900113	9.638599521e-09	6.788973407e-09	5.241772848e-09	0.8600998653	
0.02664529716	6.712623854e-09	4.694574158e-09	3.650418609e-09	0.9733546878	
1.536753195e-05	6.000828588e-09	4.223079955e-09	3.277682897e-09	0.999984619	
0.05705587682	7.498529534e-09	5.244188816e-09	4.093316049e-09	0.9429441063	
0.1716633612	9.656274424e-09	6.801353115e-09	5.270483652e-09	0.8283366171	
0.2455302983	1.506956888e-08	2.270705812e-08	1.793999659e-05	0.7544517239	
0.03370248057	6.932178357e-09	4.848073239e-09	3.783525767e-09	0.9662975039	
0.05455129655	7.357050645e-09	5.145064105e-09	3.363698531e-08	0.9454486573	
1.957960208e-05	6.242335051e-09	4.392995009e-09	3.421995222e-09	0.9999804063	
0.07157522359	7.680235781e-09	5.371212304e-09	4.207753936e-09	0.9284247592	
0.1204237584	9.627855765e-09	6.781435807e-09	5.236174274e-09	0.8795762199	
0.184667177	9.680502821e-09	6.818323395e-09	4.410306628e-08	0.8153327624	
7.685403461e-05	9.524000785e-09	6.7503407e-09	5.202466536e-09	0.9999231245	
0.2323188926	9.689601256e-09	6.824900229e-09	5.28979981e-09	0.7676810856	
0.00012068188	1.631768581e-08	2.474224808e-08	1.944146988e-05	0.9998598356	
0.3221353332	1.465964617e-08	2.20896182e-08	1.745570833e-05	0.6778471744	
0.6746516466	3.947279908e-08	0.000261847071	0.3249224471	0.0001640197104	
0.5651219532	9.88447716e-08	0.0001801581928	0.4345280781	0.0001697116696	
0.4022842387	6.025042092e-05	0.0001297105954	0.5973110239	0.0002147763418	
0.6212517485	1.935167582e-05	6.020543886e-08	0.3785987254	0.0001301142551	
0.6813106251	2.796440724e-08	2.006755866e-05	0.3185545292	0.0001147501262	
0.03671877222	7.03837221e-09	4.922272246e-09	3.206484877e-08	0.9632811838	
1.293524603e-05	5.861426424e-09	4.124993879e-09	3.201690059e-09	0.9999870516	
0.0484629282	7.391062951e-09	5.169053451e-09	4.03484011e-09	0.9515370552	
2.139868692e-05	6.357795526e-09	4.474187165e-09	2.909168511e-08	0.9999785614	
0.07770845405	7.770631718e-09	5.434355545e-09	3.55354735e-08	0.9222914972	
0.1384361478	4.2774542e-08	2.990795116e-08	0.002237023555	0.859326756	
2.859123292e-05	6.758736052e-09	4.756459452e-09	3.705870766e-09	0.9999713935	
1.270728455e-05	1.096844756e-08	7.668099133e-09	0.9999684312	1.88428765e-05	
1.27076496e-05	1.096885154e-08	7.668099739e-09	0.9999684308	1.884287736e-05	
1.271171518e-05	1.096889e-08	7.668101917e-09	0.9999684241	1.884553455e-05	
1.271198739e-05	1.096889006e-08	7.668101944e-09	0.9999684238	1.88455349e-05	
1.271210586e-05	1.096845264e-08	7.668101444e-09	0.9999684237	1.884553446e-05	
1.270410309e-05	1.096881864e-08	7.668097951e-09	0.9999684367	1.884060034e-05	
1.268678321e-05	1.096881961e-08	7.668091617e-09	0.9999684517	1.884285961e-05	
1.270391144e-05	1.096881855e-08	7.668097892e-09	0.9999684369	1.884060014e-05	
1.268942818e-05	1.096885544e-08	7.668093104e-09	0.9999684464	1.884551563e-05	
1.275797091e-05	1.100297449e-08	7.727671506e-09	0.9999683776	1.884569456e-05	
1.273770235e-05	1.250611491e-07	7.745486526e-09	0.9999682445	1.888496534e-05	
8.791627762e-09	8.6230477e-09	6.028487306e-09	0.9999999686	7.955672182e-09	
8.794440539e-09	8.623077997e-09	6.028489059e-09	0.9999999686	7.95679413e-09	
8.794628865e-09	8.623078049e-09	6.028489081e-09	0.9999999686	7.956794282e-09	
8.794710829e-09	8.622734177e-09	6.028488689e-09	0.9999999686	7.956794095e-09	
8.789174101e-09	8.623021786e-09	6.028485865e-09	0.9999999686	7.954710755e-09	
1.132073089e-05	1.106972878e-08	7.690941818e-09	0.9999886518	8.681515732e-09	
8.75535725e-09	8.62305866e-09	6.028466457e-09	0.9999999687	7.942232735e-09	
8.777191428e-09	8.623022422e-09	6.028480795e-09	0.9999999686	7.955664521e-09	
8.789041504e-09	8.623021717e-09	6.028485817e-09	0.9999999686	7.954710668e-09	
8.779021361e-09	8.623050637e-09	6.028481995e-09	0.9999999686	7.956785965e-09	
8.826442395e-09	8.64987356e-09	6.07532161e-09	0.9999999685	7.956862057e-09	
8.770520067e-09	8.623054583e-09	6.028473348e-09	0.9999999686	7.942240701e-09	
8.794693187e-09	8.623395595e-09	6.028489537e-09	0.9999999686	7.956794494e-09	
8.794881519e-09	8.623395647e-09	6.02848956e-09	0.9999999686	7.956794645e-09	
8.794963485e-09	8.623051762e-09	6.028489168e-09	0.9999999686	7.956794458e-09	
8.789426598e-09	8.623339382e-09	6.028486343e-09	0.9999999686	7.954711118e-09	
1.132105611e-05	1.107013649e-08	7.690942427e-09	0.9999886515	8.681516125e-09	
8.755608776e-09	8.623376257e-09	6.028466936e-09	0.9999999687	7.942233098e-09	
8.777443581e-09	8.623340018e-09	6.028481274e-09	0.9999999686	7.955664884e-09	
8.789293997e-09	8.623339313e-09	6.028486296e-09	0.9999999686	7.954711031e-09	
8.779273566e-09	8.623368234e-09	6.028482474e-09	0.9999999686	7.956786329e-09	
8.770772029e-09	8.62337218e-09	6.028473826e-09	0.9999999686	7.942241064e-09	
8.812673393e-09	9.831914253e-08	6.089328126e-09	0.9999998788	7.973443329e-09	
8.797695337e-09	8.623425946e-09	6.028491313e-09	0.9999999686	7.957916752e-09	
8.792238671e-09	8.62336968e-09	6.028488096e-09	0.9999999686	7.95583293e-09	
1.132467811e-05	1.107017535e-08	7.690944635e-09	0.9999886479	8.682740404e-09	
8.780251819e-09	8.623370316e-09	6.028483026e-09	0.9999999686	7.956786831e-09	
8.792106027e-09	8.623369612e-09	6.028488049e-09	0.9999999686	7.955832844e-09	
8.78208239e-09	8.623398533e-09	6.028484227e-09	0.9999999686	7.957908434e-09	
8.829519958e-09	8.650222538e-09	6.075323859e-09	0.9999999685	7.957984536e-09	
8.773578133e-09	8.623402479e-09	6.028475579e-09	0.9999999686	7.943361118e-09	
8.815492903e-09	9.831948798e-08	6.089329897e-09	0.9999998788	7.974567783e-09	
8.797965726e-09	8.623082111e-09	6.028490943e-09	0.9999999686	7.957916716e-09	
8.79242695e-09	8.623369732e-09	6.028488119e-09	0.9999999686	7.955833082e-09	
1.132492062e-05	1.107017541e-08	7.690944662e-09	0.9999886476	8.682740567e-09	
8.758597584e-09	8.623406607e-09	6.028468711e-09	0.9999999686	7.943353302e-09	
8.780439842e-09	8.623370368e-09	6.028483049e-09	0.9999999686	7.956786983e-09	
8.792294304e-09	8.623369663e-09	6.028488071e-09	0.9999999686	7.955832995e-09	
8.782270452e-09	8.623398584e-09	6.028484249e-09	0.9999999686	7.957908586e-09	
8.81568168e-09	9.831948856e-08	6.089329919e-09	0.9999998788	7.974567935e-09	
8.792508893e-09	8.623025848e-09	6.028487726e-09	0.9999999686	7.955832895e-09	
1.132502616e-05	1.106973395e-08	7.69094416e-09	0.9999886475	8.682740362e-09	
8.758679211e-09	8.623062722e-09	6.028468319e-09	0.9999999686	7.943353116e-09	
8.780521673e-09	8.623026484e-09	6.028482657e-09	0.9999999686	7.956786796e-09	
8.792376245e-09	8.623025779e-09	6.028487679e-09	0.9999999686	7.955832808e-09	
8.7823523e-09	8.623054699e-09	6.028483857e-09	0.9999999686	7.957908399e-09	
8.829791326e-09	8.649877635e-09	6.075323486e-09	0.9999999685	7.957984501e-09	
8.773847781e-09	8.623058645e-09	6.028475209e-09	0.9999999686	7.943361083e-09	
1.131789655e-05	1.107010326e-08	7.690940612e-09	0.9999886547	8.680467008e-09	
8.753165167e-09	8.623350342e-09	6.028465494e-09	0.9999999687	7.941273295e-09	
8.774993878e-09	8.623314102e-09	6.028479832e-09	0.9999999686	7.954703457e-09	
8.786840988e-09	8.623313398e-09	6.028484855e-09	0.9999999686	7.95374972e-09	
8.776823353e-09	8.623342319e-09	6.028481033e-09	0.9999999686	7.955824767e-09	
8.824232514e-09	8.650166149e-09	6.07532064e-09	0.9999999685	7.955900849e-09	
8.768324188e-09	8.623346265e-09	6.028472385e-09	0.9999999686	7.94128126e-09	
8.810213858e-09	9.831884706e-08	6.08932667e-09	0.9999998788	7.972479754e-09	
1.13177258e-05	1.107010317e-08	7.690940553e-09	0.9999886548	8.680466915e-09	
1.129387586e-05	1.107014563e-08	7.690924828e-09	0.9999886787	8.666859445e-09	
1.134783016e-05	1.262159532e-07	7.768560087e-09	0.9999885095	8.700907789e-09	
0.03915412091	4.191051668e-08	3.522659072e-05	0.9608105972	1.342580012e-08	
0.02066625672	1.894187217e-05	1.880552893e-05	0.9792959833	1.259819759e-08	
0.9965498096	0.000438804696	0.0009613073312	0.00204992644	1.51922046e-07	
0.01742746115	1.856647482e-07	7.578757613e-05	0.9824965501	1.548452132e-08	
8.741231587e-09	8.623350978e-09	6.028460424e-09	0.9999999687	7.94222545e-09	
8.753033113e-09	8.623350273e-09	6.028465447e-09	0.9999999687	7.941273208e-09	
8.743054023e-09	8.623379194e-09	6.028461625e-09	0.9999999687	7.943345e-09	
8.790280774e-09	8.650203139e-09	6.075301081e-09	0.9999999685	7.943420963e-09	
8.734587559e-09	8.62338314e-09	6.028452977e-09	0.9999999687	7.928824306e-09	
8.776316056e-09	9.831926749e-08	6.089307067e-09	0.9999998789	7.959973862e-09	
8.774861495e-09	8.623314034e-09	6.028479785e-09	0.9999999686	7.954703371e-09	
8.764857518e-09	8.623342955e-09	6.028475963e-09	0.9999999686	7.956778666e-09	
8.812202044e-09	8.650166787e-09	6.07531553e-09	0.9999999685	7.956854758e-09	
8.75636994e-09	8.623346901e-09	6.028467315e-09	0.9999999686	7.942233416e-09	
8.7982025e-09	9.831885431e-08	6.089321549e-09	0.9999998788	7.97343565e-09	
8.776690942e-09	8.623342251e-09	6.028480985e-09	0.9999999686	7.95582468e-09	
8.824099388e-09	8.650166081e-09	6.075320592e-09	0.9999999685	7.955900762e-09	
8.768191906e-09	8.623346197e-09	6.028472338e-09	0.9999999686	7.941281173e-09	
8.810080943e-09	9.831884628e-08	6.089326623e-09	0.9999998788	7.972479667e-09	
8.758195532e-09	8.623375117e-09	6.028468516e-09	0.9999999686	7.943352967e-09	
8.800036814e-09	9.831917602e-08	6.089322762e-09	0.9999998788	7.9745596e-09	
8.805504073e-09	8.65019905e-09	6.075308025e-09	0.9999999685	7.94342893e-09	
8.847571363e-09	9.862500832e-08	6.13663509e-09	0.9999998784	7.97463586e-09	
2.707541371e-05	1.097677465e-08	9.245784515e-09	0.9999728947	9.65908129e-09	
1.615535642e-08	1.72083433e-05	4.66752288e-05	0.9999360869	1.338455332e-08	
8.79151517e-09	9.831922101e-08	6.089314027e-09	0.9999998788	7.959981845e-09	
0.1255858477	4.937436711e-08	0.1838758329	0.6905382516	1.839462311e-08	
0.1468504239	2.961333454e-05	0.5948815693	0.2582383717	2.180554703e-08	
0.05325714717	2.10251846e-08	0.3583163851	0.5884264284	1.839045108e-08	
0.1341791226	1.993601461e-08	7.359798204e-05	0.8657472421	1.739394579e-08	
0.07634109345	2.570009691e-05	0.1130506139	0.8105825726	1.987890531e-08	
0.3890357429	6.291831215e-05	0.6107219989	0.0001793145388	2.533370958e-08	
6.470339289e-05	2.525825371e-05	0.3002681438	0.6996418751	1.947900808e-08	
0.07699232917	4.963205917e-07	0.4559205726	0.4670865829	1.898851203e-08	
0.0482871826	1.88948087e-07	0.3417327304	0.6099798798	1.832664724e-08	
0.1866203732	1.306650162e-05	8.30614044e-05	0.8132834798	1.906325138e-08	
0.04815799823	3.381280978e-07	0.3538926927	0.5979489525	1.839946146e-08	
5.782695685e-05	2.314324271e-08	0.3155639471	0.6843781849	1.785277082e-08	
0.1401450219	8.448565367e-05	0.466312103	0.3934583637	2.570529124e-08	
0.04138058893	4.883731401e-08	0.228680503	0.7299388416	1.765079298e-08	
0.0884837818	3.930160226e-08	3.986468509e-05	0.9114763	1.416869697e-08	
0.05216728659	5.25010292e-05	0.06345363405	0.8843265615	1.677974699e-08	
0.4365574215	0.0002110678661	0.5629102256	0.0003212498328	3.511589406e-08	
4.744452243e-05	5.536757854e-05	0.1808472822	0.819049888	1.764326405e-08	
0.06431072944	1.239342822e-06	0.3128015305	0.6228864811	1.959205461e-08	
0.03706336998	4.335595152e-07	0.2154484219	0.7474877571	1.737597288e-08	
0.1256572092	2.630152118e-05	4.593792015e-05	0.8742705355	1.585544378e-08	
4.986089705e-05	2.83575221e-06	0.317344074	0.6826032107	1.864852457e-08	
0.155058015	4.27658568e-08	0.017228974	0.8277129525	1.573388481e-08	
0.03723136749	7.814748524e-07	0.2247273131	0.7380405204	1.757109167e-08	
4.277515145e-05	5.117744639e-08	0.1917309834	0.808226174	1.631247724e-08	
0.04559569354	2.760134192e-05	0.697152285	0.2572244004	1.971664283e-08	
0.2327798691	5.30326425e-05	0.0002901626031	0.7668768979	3.778794239e-08	
0.2076512682	0.05149518224	0.7408046635	4.886913513e-05	1.693318025e-08	
5.999925618e-05	0.03591423212	0.6327659936	0.3312597524	2.261935986e-08	
0.04248256009	0.0002548976112	0.6832512745	0.2740112476	2.019093797e-08	
4.54178661e-05	0.001324909411	0.7997760383	0.1988536172	1.722077546e-08	
0.3317009916	4.692464493e-05	0.1019725602	0.5662794894	3.41216564e-08	
0.04157909183	0.0004476435037	0.6943736439	0.2635996009	1.989327768e-08	
0.04608071811	2.0552606e-08	9.540007527e-05	0.9538238439	1.739601464e-08	
0.02459825716	2.485850376e-05	0.1374888268	0.8378880388	1.865330484e-08	
1.915452646e-05	2.244615455e-05	0.3355074315	0.6644509511	1.679301069e-08	
0.02335744088	4.519957555e-07	0.5220540982	0.4545879921	1.677591031e-08	
0.01598412282	0.0002173448043	0.8909506584	0.09283295743	1.491656271e-05	
0.01465477736	1.721409202e-07	0.3914555499	0.5938894844	1.619749073e-08	
0.06674459903	1.40284815e-05	0.0001121256218	0.933129227	1.985506946e-08	
1.761907065e-05	1.006218428e-06	0.5152975997	0.4846837594	1.553573042e-08	
0.08171965909	2.263239852e-08	0.04172502053	0.8765552782	1.954936174e-08	
0.01458382743	3.073821289e-07	0.4045043585	0.5809114905	1.62265265e-08	
1.707496346e-05	2.051388504e-08	0.3516943118	0.6482885774	1.535155723e-08	
0.04786380973	1.820410734e-05	2.181034434e-05	0.9520961622	1.362565522e-08	
0.9984729998	0.0001824356147	0.0004823153624	0.0008621781048	7.108232948e-08	
4.935771929e-05	2.176792788e-05	7.048196414e-05	0.9998583761	1.624467063e-08	
0.04053863603	1.792113472e-07	8.828045282e-05	0.9593728875	1.682040039e-08	
0.1091184486	8.631458667e-06	1.494442152e-08	0.8908728928	1.218574672e-08	
6.223584029e-05	1.337646336e-06	0.0001483911054	0.9997880148	2.060098182e-08	
0.1376663432	1.434905463e-08	5.730466519e-06	0.8623278996	1.236324555e-08	
0.0412143819	3.269244227e-07	9.319501225e-05	0.9586920789	1.721478169e-08	
4.509693479e-05	2.039044179e-08	7.572595786e-05	0.9998791415	1.522083083e-08	
0.3677052264	0.152228543	0.4795436697	0.0005225082885	5.258308395e-08	
2.618365641e-05	0.02616467162	0.1009454615	0.8728636659	1.731039763e-08	
0.02181772068	0.0002185388929	0.128273926	0.8496897962	1.818433815e-08	
3.037369774e-05	0.001479181282	0.1955233228	0.802967102	2.019602745e-08	
0.08756039502	2.067884194e-05	0.009840190472	0.9025787199	1.579549916e-08	
0.02202542393	0.0003958638458	0.1344626743	0.8431160194	1.847982817e-08	
2.437711293e-05	2.497381382e-05	0.1105130616	0.889437571	1.652701907e-08	
0.0002188458273	0.1050592848	0.894405138	0.000316695218	3.618180389e-08	
0.1606747241	0.001273744441	0.8379210573	0.0001304523756	2.176222021e-08	
0.05108189696	0.2845464109	0.6643503261	1.23763369e-05	8.98962897e-06	
0.1381388657	0.0006647317481	0.8609628377	0.0002335361005	2.879248845e-08	
0.9198966599	0.0792062073	0.0003605728882	0.0005365082862	5.160468422e-08	
0.0001459946659	0.003415638491	0.9962708004	0.0001675421898	2.427618669e-08	
0.8931004673	0.0001013281218	0.1063985281	0.0003996361878	4.029036053e-08	
0.1336545411	0.001154028295	0.86496931	0.0002220925023	2.804352266e-08	
1.736780626e-05	0.2335176806	0.6677336249	0.09871719649	1.413026206e-05	
1.721232534e-05	0.0001999211721	0.3171291851	0.6826536648	1.658568305e-08	
7.198220935e-05	0.01496008481	8.340793013e-05	0.9848845064	1.866834229e-08	
2.120821268e-08	0.001197643847	0.4278313725	0.5709709461	1.630339496e-08	
9.215752666e-05	2.523766631e-05	0.03245594501	0.9674266406	1.922038787e-08	
1.720105752e-05	0.0003584896266	0.3290790783	0.6705452144	1.668531827e-08	
1.946840147e-08	2.312771759e-05	0.2765854247	0.7233914129	1.52597791e-08	
0.01870188101	0.004152395017	0.9174937127	0.05963954625	1.246505597e-05	
0.02138487238	4.1017055e-06	0.5027624742	0.4758485348	1.688123327e-08	
0.1151891034	0.0003953291605	0.0001703150773	0.8842452279	2.447347691e-08	
2.448114798e-05	2.282937204e-05	0.6301731044	0.3697795696	1.541734006e-08	
0.1362577915	6.161951815e-07	0.06123282842	0.8025087406	2.328071826e-08	
2.565654238e-05	5.033141954e-07	0.4651110435	0.5348627802	1.64747857e-08	
0.01505854112	0.002029514077	0.8829044085	0.09999209087	1.544541282e-05	
0.1752448972	0.4226143016	0.000646192143	0.4014462309	4.837809572e-05	
1.441758255e-05	0.009447262654	0.9255398563	0.06498666603	1.179747952e-05	
0.01456659458	0.00352264926	0.8868236735	0.09507204222	1.504042768e-05	
1.943765242e-05	0.0002679391774	0.8787734543	0.1209229513	1.621752481e-05	
0.05886437883	0.0001226297421	0.000104017699	0.9409089545	1.924617892e-08	
1.607272694e-05	9.098033892e-06	0.4944593914	0.5055154222	1.557668069e-08	
0.07245958493	1.989063241e-07	0.03891632268	0.8886238744	1.905191124e-08	
0.01320703601	2.75906018e-06	0.3853212776	0.6014689112	1.615087589e-08	
1.536677344e-05	1.829867049e-07	0.3329309658	0.6670534693	1.518490267e-08	
9.205202312e-05	0.0009323542649	0.0001780983547	0.9987974713	2.401073506e-08	
0.191172708	9.390058152e-06	6.457246299e-06	0.8088114312	1.352867821e-08	
0.05982045235	0.0002236120197	0.0001097622064	0.9398461537	1.968915952e-08	
1.590832913e-05	1.615789395e-05	0.5081759292	0.4917919891	1.552013339e-08	
1.8801225e-08	1.088497334e-06	0.4459945396	0.5540043383	1.482161865e-08	
0.07346584616	3.618598815e-07	0.0409703711	0.8855634014	1.944525864e-08	
8.400032259e-05	2.358397157e-08	0.03478718119	0.9651287769	1.796585124e-08	
1.534576124e-05	3.278894834e-07	0.3452298965	0.6547544146	1.52652279e-08	
