9.586427309e-09	8.578714529e-09	0.9865623141	0.01343765878	8.923730918e-09	
6.661696439e-08	5.960862954e-08	0.4125110234	0.5873873287	0.0001015217182	
9.188416025e-09	8.222109757e-09	0.9912704492	0.008729514039	1.938494109e-08	
8.404042476e-09	7.581442815e-09	0.9999935885	6.387848283e-06	7.629469833e-09	
9.279304781e-09	8.303557102e-09	0.9902002785	0.00979968627	1.759788662e-08	
8.4643833e-09	7.574388151e-09	0.9995774407	0.0004225355313	7.693728953e-09	
8.51578952e-09	7.620020259e-09	0.9990288915	0.0009710846511	7.731977258e-09	
9.317372617e-09	8.336191807e-09	0.9952039354	0.004790325411	5.721573797e-06	
9.157531374e-09	8.194381694e-09	0.9916387214	0.008361240047	2.122456986e-08	
1.014426193e-08	9.13707448e-09	0.9800369835	0.01996298801	9.260440936e-09	
9.420456642e-09	8.429322029e-09	0.9885938219	0.01140613055	2.973346693e-08	
9.367055631e-09	8.381467285e-09	0.9891440762	0.01085589459	1.141906435e-08	
5.83204301e-08	5.218691415e-08	0.3500568724	0.6498542838	8.873328577e-05	
9.454172029e-09	8.460240734e-09	0.9886491104	0.01135085174	1.991310852e-08	
8.670022518e-09	7.821687333e-09	0.9999916476	8.328026773e-06	7.858109421e-09	
9.54459533e-09	8.541278015e-09	0.9872617133	0.01273825053	1.807150494e-08	
8.782732833e-09	7.859184428e-09	0.9987343145	0.001265660937	7.961356037e-09	
1.040226548e-08	9.369819942e-09	0.9741304396	0.02586953118	9.480491873e-09	
8.724333391e-09	7.807199661e-09	0.9995359394	0.0004640361615	7.91509857e-09	
9.685071047e-09	8.666427389e-09	0.9851807522	0.0148191989	3.05188477e-08	
9.631774188e-09	8.618661976e-09	0.9858933053	0.01410666469	1.172264027e-08	
7.221304312e-08	6.461505717e-08	0.4543780127	0.5453728411	0.0002490093443	
6.839001007e-08	6.119513137e-08	0.4256478306	0.5741400506	0.0002119892831	
2.529476537e-08	2.925557076e-08	0.09348183542	0.9064818162	3.629383707e-05	
1.236845381e-07	1.106625378e-07	0.7865779084	0.00106047971	0.2123613775	
8.833634701e-08	7.902948233e-08	0.5503110184	0.3610267909	0.08866202341	
7.365068086e-08	6.590069684e-08	0.4651595903	0.5345612643	0.0002790059153	
4.699314915e-08	4.232497661e-08	0.2647931291	0.7351366648	7.011677359e-05	
6.348940646e-08	5.680642051e-08	0.3885951321	0.6110772177	0.0003275299551	
6.504602785e-08	5.819868905e-08	0.4006151672	0.5992551038	0.0001296057783	
8.270613566e-09	7.460967392e-09	0.9999945828	5.384460664e-06	1.698907478e-08	
9.146048959e-09	8.184196474e-09	0.9917268414	0.00827310202	3.924682012e-08	
8.330540923e-09	7.454512118e-09	0.9996437791	0.0003561879645	1.713328503e-08	
9.025264373e-09	8.075389284e-09	0.9999701929	8.337897787e-06	2.145209784e-05	
8.381856558e-09	7.500068317e-09	0.9991812938	0.0008186731	1.721994464e-08	
9.176274215e-09	8.209834561e-09	0.9959463515	0.004040880997	1.275012082e-05	
9.023982142e-09	8.07476309e-09	0.9929427973	0.007057138311	4.732434227e-08	
1.001459726e-08	9.020154726e-09	0.9831197946	0.0168801657	2.068571695e-08	
8.323763187e-09	7.448347587e-09	0.9996998976	0.0003000695176	1.711504095e-08	
9.28752087e-09	8.310253675e-09	0.9903681858	0.009631730242	6.632836254e-08	
8.361445143e-09	7.543013328e-09	0.9999939176	6.051083412e-06	1.543954808e-08	
7.555624137e-09	6.816122291e-09	0.9999997205	2.584599884e-07	6.686826725e-09	
8.182985198e-09	7.381358621e-09	0.9999916088	6.048188762e-09	8.369584311e-06	
8.239754567e-09	7.433046389e-09	0.9999948103	5.155391064e-06	1.859443222e-08	
9.235579698e-09	8.386208665e-09	0.9999875197	1.245444313e-05	8.208872983e-09	
7.54905339e-09	6.810103647e-09	0.9999997612	2.177266537e-07	6.679331676e-09	
8.421664884e-09	7.536159761e-09	0.9995997001	0.0004002684045	1.556992908e-08	
9.124398364e-09	8.164204802e-09	0.999971117	9.37018549e-06	1.949554208e-05	
9.272430266e-09	8.295980377e-09	0.9954495015	0.004538899526	1.158144459e-05	
9.115129642e-09	8.156437819e-09	0.9920760109	0.007923928854	4.297050426e-08	
1.010347395e-08	9.100334215e-09	0.9810694981	0.01893046398	1.87598368e-08	
8.414871471e-09	7.529980026e-09	0.9996627612	0.0003372072992	1.555345777e-08	
9.378343553e-09	8.39163787e-09	0.989188621	0.01081130107	6.020698119e-08	
8.245166207e-09	7.377556859e-09	0.9999911406	4.002345215e-07	8.443586888e-06	
7.663183494e-09	6.857152936e-09	0.999960651	3.93276519e-05	6.782947833e-09	
8.41538627e-09	7.529249581e-09	0.99980023	0.0001947162643	5.037785798e-06	
8.29958219e-09	7.426726111e-09	0.9996589257	0.0003410398496	1.875254927e-08	
9.298216083e-09	8.375095135e-09	0.9991764783	0.0008234957221	8.274741763e-09	
7.606312892e-09	6.806502711e-09	0.9999855711	1.44077063e-05	6.738296836e-09	
8.510011891e-09	7.614660153e-09	0.9995561104	0.0004438633701	1.011349329e-08	
1.463294379e-08	1.692478266e-08	0.9456983288	0.05430160769	3.193157175e-08	
1.476367737e-08	1.707517339e-08	0.9304581764	0.06954177486	1.694533177e-08	
1.216948487e-07	0.00164198489	0.3364926469	0.6618651458	1.007340098e-07	
1.286638793e-05	2.940918294e-05	0.6439818392	0.3559758681	1.715851016e-08	
0.0001197371045	6.523349535e-05	0.9996459196	0.000169087347	2.248190712e-08	
2.286230942e-08	2.865897878e-05	0.3849270318	0.6150442681	1.828592566e-08	
2.590797204e-06	2.392638195e-08	0.4378286405	0.5621687282	1.656357935e-08	
5.572291387e-05	1.212858984e-05	0.0001762588032	0.9997558654	2.426129004e-08	
1.904825399e-08	2.638149584e-08	0.5679702082	0.432029731	1.536281224e-08	
2.039837382e-08	2.382205128e-08	0.3809160327	0.6190839063	1.67917971e-08	
8.299791136e-09	7.426074234e-09	0.9999905737	9.203363001e-07	8.490217469e-06	
8.991572567e-09	8.04515366e-09	0.9999685207	7.983165775e-06	2.347913741e-05	
8.237996061e-09	7.371042703e-09	0.9999912131	3.371575089e-07	8.434123011e-06	
9.278106832e-09	8.301201866e-09	0.9999560659	1.09237806e-05	3.299278421e-05	
9.220573014e-09	8.249654899e-09	0.9999769273	1.039124649e-05	1.266401259e-05	
8.350871431e-09	7.472259526e-09	0.9992160937	0.0007838716417	1.884776991e-08	
9.349817364e-09	8.421165723e-09	0.9981083748	0.001891599098	8.311550176e-09	
7.656566351e-09	6.851140247e-09	0.9999668489	3.312981178e-05	6.775386763e-09	
8.56145807e-09	7.660322688e-09	0.9989799009	0.001020072715	1.016348959e-08	
9.143594837e-09	8.180505692e-09	0.9961163948	0.00386963062	1.395730401e-05	
8.408325565e-09	7.522831836e-09	0.9998309178	0.0001640339785	5.032293357e-06	
9.421607768e-09	8.428904125e-09	0.9946928816	0.005287515621	1.958496042e-05	
9.36551688e-09	8.378651153e-09	0.9949614604	0.005031002458	7.519401142e-06	
9.984399002e-09	8.992854807e-09	0.9838263097	0.01617364865	2.265664837e-08	
8.292809843e-09	7.420566841e-09	0.9997126582	0.0002873073462	1.873253621e-08	
9.25665849e-09	8.282546347e-09	0.9907741614	0.009225748451	7.262570512e-08	
9.203207047e-09	8.234648957e-09	0.9912201936	0.008779761032	2.78887557e-08	
9.29133537e-09	8.368785702e-09	0.9993061714	0.0006938026827	8.266539392e-09	
1.024168125e-08	9.224223669e-09	0.9779995053	0.0220004436	3.164886249e-08	
1.01888924e-08	9.176600171e-09	0.9790500039	0.0209499646	1.216095414e-08	
8.556277607e-09	7.656021732e-09	0.9996068566	0.0003931008624	2.632042238e-08	
8.503205638e-09	7.608468324e-09	0.9996260372	0.0003739365761	1.010286371e-08	
9.465988809e-09	8.469442044e-09	0.9880247204	0.01197522262	3.906331052e-08	
5.243438286e-09	0.9999999843	3.296448816e-09	2.534768342e-09	4.648858182e-09	
5.243439531e-09	0.9999999843	3.297505376e-09	2.53646264e-09	4.645502826e-09	
5.245223576e-09	0.9999999843	3.317531919e-09	2.538314602e-09	4.648454211e-09	
5.243439035e-09	0.9999999843	3.297575089e-09	2.536572753e-09	4.642476336e-09	
5.243439505e-09	0.9999999843	3.297505346e-09	2.536462606e-09	4.645459805e-09	
5.243440032e-09	0.9999999843	3.297633814e-09	2.53670106e-09	4.6423068e-09	
5.455890839e-09	0.9999999759	1.124046095e-08	2.795917176e-09	4.646100271e-09	
5.243439519e-09	0.9999999843	3.297505362e-09	2.536462625e-09	4.645483129e-09	
5.246376416e-09	0.9999999842	3.334697281e-09	2.536673213e-09	4.708359906e-09	
5.243432342e-09	0.9999999843	3.296444981e-09	2.534766342e-09	4.641893335e-09	
5.243436089e-09	0.9999999843	3.296422895e-09	2.534765928e-09	4.642330173e-09	
5.288263535e-09	0.9999999841	3.338320609e-09	2.640265606e-09	4.645130471e-09	
5.245108113e-09	0.9999999843	3.315133088e-09	2.536393193e-09	4.646448918e-09	
5.243442061e-09	0.9999999843	3.29763856e-09	2.536706722e-09	4.648747064e-09	
5.245010798e-09	0.9999999843	3.315033001e-09	2.53789434e-09	4.645295504e-09	
7.80668781e-07	0.9999459422	4.480788199e-05	8.458993551e-06	1.024392069e-08	
5.241595213e-09	0.9999999843	3.27881709e-09	2.534823169e-09	4.62224535e-09	
5.243378632e-09	0.9999999843	3.298730135e-09	2.536673934e-09	4.625181959e-09	
5.241594717e-09	0.9999999843	3.278886409e-09	2.534933211e-09	4.619234011e-09	
5.241595187e-09	0.9999999843	3.278817061e-09	2.534823136e-09	4.622202544e-09	
5.453971795e-09	0.999999976	1.117675675e-08	2.794110004e-09	4.622839804e-09	
5.241595201e-09	0.9999999843	3.278817077e-09	2.534823154e-09	4.622225751e-09	
5.244531065e-09	0.9999999842	3.315798215e-09	2.535033606e-09	4.684787738e-09	
5.241588027e-09	0.9999999843	3.277762705e-09	2.533127968e-09	4.618653929e-09	
5.241591772e-09	0.9999999843	3.277740744e-09	2.533127554e-09	4.61908858e-09	
5.286403451e-09	0.9999999841	3.319401008e-09	2.638559041e-09	4.621874859e-09	
5.243263209e-09	0.9999999843	3.296344899e-09	2.534753767e-09	4.623186705e-09	
5.241597743e-09	0.9999999843	3.27894952e-09	2.535067094e-09	4.625473346e-09	
5.243165928e-09	0.9999999843	3.29624538e-09	2.536253944e-09	4.622039066e-09	
5.243379876e-09	0.9999999843	3.299787426e-09	2.538369506e-09	4.621843691e-09	
6.560838294e-09	0.9999918554	2.333527745e-06	5.798950986e-06	5.607562122e-09	
5.241595961e-09	0.9999999843	3.27993734e-09	2.536627618e-09	4.615900036e-09	
5.241596431e-09	0.9999999843	3.27986797e-09	2.53651747e-09	4.618866427e-09	
5.241596958e-09	0.9999999843	3.279995751e-09	2.536755928e-09	4.615731471e-09	
5.453973089e-09	0.999999976	1.118033907e-08	2.795977652e-09	4.619503227e-09	
5.241596445e-09	0.9999999843	3.279867985e-09	2.536517488e-09	4.618889617e-09	
5.24453231e-09	0.9999999842	3.316860977e-09	2.536728081e-09	4.681406449e-09	
5.241589271e-09	0.9999999843	3.278813276e-09	2.534821169e-09	4.615320373e-09	
5.241593016e-09	0.9999999843	3.278791308e-09	2.534820755e-09	4.61575471e-09	
5.286404706e-09	0.9999999841	3.320464924e-09	2.640322715e-09	4.618538978e-09	
5.243264453e-09	0.9999999843	3.297401426e-09	2.536448055e-09	4.619849877e-09	
5.241598987e-09	0.9999999843	3.280000472e-09	2.536761591e-09	4.622134868e-09	
5.243167172e-09	0.9999999843	3.297301874e-09	2.537949234e-09	4.618703067e-09	
6.563070455e-09	0.9999918369	2.347699777e-06	5.803184902e-06	5.61112462e-09	
5.24337938e-09	0.9999999843	3.299857188e-09	2.538479701e-09	4.618832614e-09	
5.24337985e-09	0.9999999843	3.299787396e-09	2.538369472e-09	4.621800889e-09	
5.243380377e-09	0.9999999843	3.299915953e-09	2.538608105e-09	4.618663942e-09	
5.243379864e-09	0.9999999843	3.299787412e-09	2.538369491e-09	4.621824094e-09	
5.246316727e-09	0.9999999842	3.337005071e-09	2.538580237e-09	4.684380645e-09	
5.243372687e-09	0.9999999843	3.298726297e-09	2.536671933e-09	4.618252583e-09	
5.243376434e-09	0.9999999843	3.298704196e-09	2.536671518e-09	4.618687195e-09	
5.24504844e-09	0.9999999843	3.317427338e-09	2.538300007e-09	4.622784964e-09	
5.243382406e-09	0.9999999843	3.299920703e-09	2.538613771e-09	4.625071407e-09	
5.244951125e-09	0.9999999843	3.317327182e-09	2.539802282e-09	4.621637425e-09	
7.806598702e-07	0.9999459049	4.483888977e-05	8.465352551e-06	1.019174893e-08	
6.560837671e-09	0.9999918551	2.333577079e-06	5.799202728e-06	5.603908859e-09	
6.560838262e-09	0.9999918554	2.333527724e-06	5.79895091e-06	5.607510191e-09	
6.560838917e-09	0.9999918547	2.333618635e-06	5.799496066e-06	5.603704212e-09	
6.560838279e-09	0.9999918554	2.333527736e-06	5.798950951e-06	5.607538345e-09	
6.616922437e-09	0.9999915891	2.362410612e-06	6.036267409e-06	5.607111162e-09	
6.560841456e-09	0.9999918547	2.333621994e-06	5.799509012e-06	5.611478221e-09	
6.562804234e-09	0.9999918397	2.345931388e-06	5.802224098e-06	5.607311777e-09	
7.763675097e-08	0.001195004161	2.767300491e-05	0.9987771788	6.642492136e-08	
0.0001808762508	0.8893328428	0.1104104289	7.58180336e-05	3.4012276e-08	
5.241595935e-09	0.9999999843	3.279937311e-09	2.536627585e-09	4.615857289e-09	
5.241596462e-09	0.9999999843	3.280065094e-09	2.536866054e-09	4.612724377e-09	
5.453972573e-09	0.999999976	1.118057543e-08	2.796099031e-09	4.616493674e-09	
5.241595949e-09	0.9999999843	3.279937326e-09	2.536627603e-09	4.615880465e-09	
5.244531813e-09	0.9999999842	3.3169311e-09	2.536838205e-09	4.678356568e-09	
5.241588775e-09	0.9999999843	3.278882595e-09	2.53493121e-09	4.612313546e-09	
5.24159252e-09	0.9999999843	3.278860626e-09	2.534930796e-09	4.6127476e-09	
5.286404206e-09	0.9999999841	3.320535123e-09	2.640437336e-09	4.615530054e-09	
5.243263957e-09	0.9999999843	3.297471138e-09	2.536558167e-09	4.616840099e-09	
5.243166676e-09	0.9999999843	3.297371584e-09	2.538059411e-09	4.615694036e-09	
5.241596932e-09	0.9999999843	3.279995721e-09	2.536755895e-09	4.615688726e-09	
5.453973062e-09	0.999999976	1.118033896e-08	2.795977615e-09	4.619460446e-09	
5.24159642e-09	0.9999999843	3.279867956e-09	2.536517455e-09	4.618846842e-09	
5.244532284e-09	0.9999999842	3.316860947e-09	2.536728047e-09	4.681363096e-09	
5.241589245e-09	0.9999999843	3.278813246e-09	2.534821135e-09	4.615277631e-09	
5.24159299e-09	0.9999999843	3.278791279e-09	2.534820721e-09	4.615711964e-09	
5.28640468e-09	0.9999999841	3.320464894e-09	2.64032268e-09	4.618496206e-09	
5.243264428e-09	0.9999999843	3.297401396e-09	2.536448022e-09	4.619807093e-09	
5.241598961e-09	0.9999999843	3.280000442e-09	2.536761557e-09	4.622092063e-09	
5.243167146e-09	0.9999999843	3.297301845e-09	2.537949201e-09	4.618660294e-09	
5.241596946e-09	0.9999999843	3.279995737e-09	2.536755913e-09	4.6157119e-09	
5.244532811e-09	0.9999999842	3.316990169e-09	2.536966525e-09	4.678185722e-09	
5.241589772e-09	0.9999999843	3.278940986e-09	2.535059434e-09	4.612145112e-09	
5.241593517e-09	0.9999999843	3.278919017e-09	2.53505902e-09	4.61257915e-09	
5.286405211e-09	0.9999999841	3.320594257e-09	2.640570897e-09	4.615361502e-09	
5.243264954e-09	0.9999999843	3.29752986e-09	2.536686474e-09	4.6166715e-09	
5.241599488e-09	0.9999999843	3.280128228e-09	2.537000039e-09	4.618954918e-09	
5.243167673e-09	0.9999999843	3.297430305e-09	2.538187794e-09	4.615525478e-09	
5.453973077e-09	0.999999976	1.118033902e-08	2.795977635e-09	4.619483639e-09	
5.453965612e-09	0.999999976	1.117674375e-08	2.794107799e-09	4.615913937e-09	
5.500596858e-09	0.9999999757	1.131872493e-08	2.910401089e-09	4.619132955e-09	
5.455708668e-09	0.9999999759	1.124010661e-08	2.7959011e-09	4.620444023e-09	
5.455607445e-09	0.9999999759	1.123976726e-08	2.797555834e-09	4.619297065e-09	
4.025438172e-05	0.9989189079	0.0008490428161	0.0001917415742	5.327866934e-08	
0.0001689412445	0.9992366221	0.0005943641239	4.107307887e-08	3.14816409e-08	
7.341664197e-08	0.9991389386	0.00052089751	0.0003400321686	5.82785372e-08	
5.244532298e-09	0.9999999842	3.316860963e-09	2.536728065e-09	4.6813866e-09	
5.241589259e-09	0.9999999843	3.278813262e-09	2.534821153e-09	4.615300804e-09	
5.241593004e-09	0.9999999843	3.278791294e-09	2.534820739e-09	4.615735139e-09	
5.286404694e-09	0.9999999841	3.32046491e-09	2.640322699e-09	4.618519395e-09	
5.243264442e-09	0.9999999843	3.297401412e-09	2.53644804e-09	4.619830288e-09	
5.241598975e-09	0.9999999843	3.280000458e-09	2.536761576e-09	4.622115269e-09	
5.24316716e-09	0.9999999843	3.297301861e-09	2.537949219e-09	4.618683483e-09	
5.244528867e-09	0.9999999842	3.315772142e-09	2.535031191e-09	4.678209275e-09	
5.289365656e-09	0.999999984	3.357915786e-09	2.64054191e-09	4.681031216e-09	
5.24620124e-09	0.9999999842	3.33459216e-09	2.536658627e-09	4.682359853e-09	
5.244534841e-09	0.9999999842	3.316994943e-09	2.536972188e-09	4.684675761e-09	
5.246103904e-09	0.9999999842	3.334491485e-09	2.53815993e-09	4.681197525e-09	
7.808312731e-07	0.9999456781	4.507088209e-05	8.459876551e-06	1.032308999e-08	
5.24158583e-09	0.9999999843	3.277736931e-09	2.533125555e-09	4.612168333e-09	
5.286397458e-09	0.9999999841	3.319397146e-09	2.638556959e-09	4.614950437e-09	
5.243257265e-09	0.9999999843	3.296341065e-09	2.534751767e-09	4.616260318e-09	
5.2415918e-09	0.9999999843	3.278945706e-09	2.535065093e-09	4.618543533e-09	
5.243159984e-09	0.9999999843	3.296241545e-09	2.536251942e-09	4.615114398e-09	
5.286401236e-09	0.9999999841	3.319374906e-09	2.638556528e-09	4.615384739e-09	
5.243261011e-09	0.9999999843	3.296318979e-09	2.534751353e-09	4.616694743e-09	
5.241595546e-09	0.9999999843	3.278923737e-09	2.535064679e-09	4.618978173e-09	
5.24316373e-09	0.9999999843	3.29621946e-09	2.536251528e-09	4.615548716e-09	
5.288086961e-09	0.9999999841	3.338215373e-09	2.640250425e-09	4.619479578e-09	
5.286407257e-09	0.9999999841	3.320599036e-09	2.640576791e-09	4.621764386e-09	
5.287988848e-09	0.9999999841	3.338114589e-09	2.641813038e-09	4.618332859e-09	
5.539230685e-05	0.9995287243	4.928249819e-05	0.0003665416769	5.925236786e-08	
7.870651222e-07	0.9999452776	4.511983595e-05	8.805356572e-06	1.018445523e-08	
5.243266984e-09	0.9999999843	3.297534607e-09	2.536692136e-09	4.6230762e-09	
5.244835668e-09	0.9999999843	3.314928499e-09	2.537879747e-09	4.6196437e-09	
7.806427158e-07	0.9999459438	4.480646955e-05	8.458944925e-06	1.018735271e-08	
5.243169702e-09	0.9999999843	3.297435051e-09	2.538193459e-09	4.621928589e-09	
7.806282293e-07	0.9999459401	4.480511663e-05	8.463951261e-06	1.018482381e-08	
6.578884105e-06	4.840250966e-09	3.383551955e-09	2.748604625e-09	0.9999934101	
3.134107064e-05	4.857046801e-09	3.395288805e-09	2.844071411e-09	0.9999686478	
1.517035832e-05	4.847109973e-09	3.388347253e-09	2.740031592e-09	0.9999848187	
9.891889341e-05	4.889762202e-09	3.418162049e-09	2.77418079e-09	0.99990107	
0.005680907397	1.031074245e-08	7.479676904e-09	2.360737174e-05	0.9942954674	
3.682494336e-05	4.860079208e-09	3.397407997e-09	2.91015502e-09	0.9999631639	
7.912792009e-07	4.831684634e-09	3.377563844e-09	2.74121096e-09	0.9999991978	
0.0001803240008	4.92584517e-09	3.44338521e-09	2.795771593e-09	0.9998196648	
4.554290228e-05	2.313947931e-08	1.617538605e-08	0.0001499274797	0.9998044903	
1.844512535e-06	4.801670664e-09	3.356583989e-09	2.6992997e-09	0.9999981446	
8.928058183e-07	4.791774199e-09	3.349670588e-09	2.600516239e-09	0.9999990965	
5.822032898e-06	4.834320546e-09	3.379411428e-09	2.633134194e-09	0.9999941671	
0.0003361254733	1.02476894e-08	7.433948866e-09	2.252548665e-05	0.9996413314	
7.015573281e-07	4.789440078e-09	3.348038992e-09	2.599250405e-09	0.9999992877	
2.16726547e-06	4.804693297e-09	3.358696359e-09	2.762033712e-09	0.9999978218	
4.656772761e-08	4.776460319e-09	3.338965081e-09	2.601600349e-09	0.9999999427	
4.253318441e-06	4.808504729e-09	3.361361849e-09	2.690897088e-09	0.9999957358	
2.773559485e-05	4.851109621e-09	3.391143575e-09	2.724598128e-09	0.9999722534	
2.365619075e-05	4.844438758e-09	3.386480262e-09	2.711006068e-09	0.9999763329	
3.342214856e-06	4.806165918e-09	3.359726977e-09	2.689589196e-09	0.9999966469	
1.032478259e-05	4.821445805e-09	3.370402955e-09	2.858014385e-09	0.9999896642	
2.218489188e-07	4.793152647e-09	3.35062965e-09	2.692027451e-09	0.9999997673	
5.056351001e-05	4.887193681e-09	3.416367513e-09	2.745963916e-09	0.9999494254	
1.276919221e-05	2.295574635e-08	1.60469563e-08	0.0001472425805	0.9998399492	
1.34251358e-05	4.841175934e-09	3.384204203e-09	2.624923914e-09	0.999986564	
1.145051716e-05	4.834508555e-09	3.379543318e-09	2.611823595e-09	0.9999885387	
1.617745133e-06	4.796263895e-09	3.352809693e-09	2.591163103e-09	0.9999983715	
1.07382214e-07	4.783269734e-09	3.343725713e-09	2.593507955e-09	0.9999998819	
2.447504688e-05	4.877243551e-09	3.409416683e-09	2.645539236e-09	0.999975514	
7.466506218e-05	4.877150054e-09	3.409350661e-09	2.644429234e-09	0.999925324	
0.005030650629	1.030484657e-08	7.475411169e-09	2.263040815e-05	0.9949467012	
1.054935742e-05	4.838830739e-09	3.382564866e-09	2.623653242e-09	0.9999894398	
3.258862359e-05	4.854141384e-09	3.393262322e-09	2.787907467e-09	0.9999674003	
7.002480053e-07	4.825761496e-09	3.373428399e-09	2.626049393e-09	0.9999992889	
0.0001595822686	4.919908217e-09	3.439240208e-09	2.678373188e-09	0.9998404067	
8.997715101e-06	4.832164546e-09	3.377904811e-09	2.610558161e-09	0.9999909915	
2.779544662e-05	4.847469812e-09	3.388598513e-09	2.774001558e-09	0.9999721935	
5.972518204e-07	4.819106326e-09	3.36877605e-09	2.612938567e-09	0.9999993919	
0.0001361132443	4.913238028e-09	3.43457736e-09	2.66506341e-09	0.9998638757	
4.043941766e-05	1.023252008e-08	7.422944934e-09	2.247140986e-05	0.9999370715	
0.009133540297	1.033892189e-08	7.500129353e-09	2.271433472e-05	0.9908437275	
0.2042963692	3.808949086e-08	8.923337894e-05	0.795356486	0.0002578733098	
0.1458398815	3.550260825e-08	5.446276781e-05	0.8538667258	0.000238894398	
0.1172690989	4.237391503e-05	3.126555066e-05	0.8824078416	0.0002494200576	
0.226091339	1.103755638e-05	2.767171736e-08	0.7736972249	0.0002003709333	
0.2494572825	2.990774491e-08	9.294674132e-06	0.7503343881	0.0001990047861	
3.927034822e-06	4.80919012e-09	3.361840444e-09	2.752096807e-09	0.999996062	
8.437978886e-08	4.780938952e-09	3.34209645e-09	2.592245096e-09	0.9999999049	
1.9232329e-05	4.874892423e-09	3.4077732e-09	2.644264844e-09	0.9999807567	
2.606681326e-07	4.79617128e-09	3.352739225e-09	2.754593232e-09	0.9999997284	
5.941061016e-05	4.890228462e-09	3.418488365e-09	2.809758491e-09	0.9999405783	
1.500346636e-05	2.297007439e-08	1.605696935e-08	0.0001506638192	0.9998342937	
1.276618912e-06	4.861765193e-09	3.398596194e-09	2.646701275e-09	0.9999987125	
1.526631844e-07	1.105794484e-08	7.729926713e-09	0.9999665308	3.329779816e-05	
1.526631842e-07	1.105797806e-08	7.729926719e-09	0.9999665308	3.329779823e-05	
1.52694455e-07	1.105798451e-08	7.72992927e-09	0.9999665187	3.330982103e-05	
1.52694454e-07	1.105798446e-08	7.729929213e-09	0.9999665187	3.330982103e-05	
1.526944537e-07	1.105794847e-08	7.729929206e-09	0.9999665187	3.330982081e-05	
1.526364008e-07	1.105797261e-08	7.729924632e-09	0.9999665411	3.328749979e-05	
1.523917534e-07	1.105796553e-08	7.729917725e-09	0.9999665311	3.329776376e-05	
1.526364007e-07	1.105797261e-08	7.729924632e-09	0.9999665411	3.328749979e-05	
1.524002744e-07	1.105797084e-08	7.729919409e-09	0.999966519	3.330978351e-05	
1.52918514e-07	1.108715796e-08	7.782553379e-09	0.9999665182	3.331004048e-05	
1.52698662e-07	1.635195108e-08	7.769930028e-09	0.9999665176	3.330554406e-05	
9.749931298e-09	8.679219122e-09	6.067130986e-09	0.9999999669	8.609443302e-09	
9.751928542e-09	8.679224286e-09	6.067133062e-09	0.9999999669	8.612552008e-09	
9.751928478e-09	8.679224252e-09	6.067133017e-09	0.9999999669	8.612552008e-09	
9.751928462e-09	8.679196003e-09	6.067133011e-09	0.9999999669	8.61255195e-09	
9.748220653e-09	8.679214756e-09	6.067129286e-09	0.9999999669	8.606780458e-09	
1.192887973e-05	1.00123948e-08	7.760715238e-09	0.999988044	9.330524e-09	
9.726078772e-09	8.679188565e-09	6.0671068e-09	0.999999967	8.57230822e-09	
9.732596191e-09	8.679209284e-09	6.067123925e-09	0.9999999669	8.609434386e-09	
9.748220652e-09	8.679214756e-09	6.067129286e-09	0.9999999669	8.606780458e-09	
9.733140511e-09	8.679213556e-09	6.06712532e-09	0.9999999669	8.612542303e-09	
9.766238215e-09	8.702122039e-09	6.108437126e-09	0.9999999668	8.612608753e-09	
9.744806383e-09	8.679196662e-09	6.067114471e-09	0.9999999669	8.572317779e-09	
9.751928531e-09	8.679250362e-09	6.067133066e-09	0.9999999669	8.612552028e-09	
9.751928467e-09	8.679250327e-09	6.067133021e-09	0.9999999669	8.612552028e-09	
9.751928451e-09	8.679222078e-09	6.067133016e-09	0.9999999669	8.61255197e-09	
9.748220642e-09	8.679240832e-09	6.06712929e-09	0.9999999669	8.606780478e-09	
1.192887972e-05	1.001242488e-08	7.760715245e-09	0.999988044	9.330524021e-09	
9.726078761e-09	8.679214641e-09	6.067106804e-09	0.999999967	8.57230824e-09	
9.73259618e-09	8.67923536e-09	6.06712393e-09	0.9999999669	8.609434406e-09	
9.748220641e-09	8.679240832e-09	6.06712929e-09	0.9999999669	8.606780478e-09	
9.7331405e-09	8.679239632e-09	6.067125324e-09	0.9999999669	8.612542323e-09	
9.744806373e-09	8.679222738e-09	6.067114476e-09	0.9999999669	8.572317799e-09	
9.752197183e-09	1.283440728e-08	6.098529185e-09	0.9999999627	8.611446152e-09	
9.75392612e-09	8.679255491e-09	6.067135097e-09	0.9999999669	8.615661857e-09	
9.750217535e-09	8.679245996e-09	6.067131366e-09	0.9999999669	8.609888223e-09	
1.193132329e-05	1.001243081e-08	7.76071788e-09	0.9999880416	9.333893074e-09	
9.734589873e-09	8.679240524e-09	6.067126005e-09	0.9999999669	8.612543109e-09	
9.750217534e-09	8.679245996e-09	6.067131366e-09	0.9999999669	8.609888223e-09	
9.735134304e-09	8.679244796e-09	6.0671274e-09	0.9999999669	8.615652148e-09	
9.768238788e-09	8.702153361e-09	6.10843922e-09	0.9999999668	8.615718623e-09	
9.746802566e-09	8.679227902e-09	6.067116551e-09	0.9999999669	8.5754131e-09	
9.754194891e-09	1.283441492e-08	6.098531271e-09	0.9999999627	8.614555582e-09	
9.75392604e-09	8.679227208e-09	6.067135046e-09	0.9999999669	8.615661799e-09	
9.750217471e-09	8.679245961e-09	6.067131321e-09	0.9999999669	8.609888223e-09	
1.193132321e-05	1.001243077e-08	7.760717822e-09	0.9999880416	9.333893073e-09	
9.728071055e-09	8.67921977e-09	6.067108835e-09	0.999999967	8.575403538e-09	
9.734589809e-09	8.679240489e-09	6.06712596e-09	0.9999999669	8.612543109e-09	
9.75021747e-09	8.679245961e-09	6.067131321e-09	0.9999999669	8.609888223e-09	
9.73513424e-09	8.679244761e-09	6.067127355e-09	0.9999999669	8.615652148e-09	
9.754194827e-09	1.283441487e-08	6.098531226e-09	0.9999999627	8.614555582e-09	
9.750217456e-09	8.679217713e-09	6.067131315e-09	0.9999999669	8.609888165e-09	
1.193132319e-05	1.001239818e-08	7.760717816e-09	0.9999880416	9.33389301e-09	
9.728071039e-09	8.679191521e-09	6.067108829e-09	0.999999967	8.57540348e-09	
9.734589793e-09	8.679212241e-09	6.067125955e-09	0.9999999669	8.612543051e-09	
9.750217454e-09	8.679217713e-09	6.067131315e-09	0.9999999669	8.609888165e-09	
9.735134225e-09	8.679216512e-09	6.067127349e-09	0.9999999669	8.61565209e-09	
9.768238709e-09	8.702125003e-09	6.108439169e-09	0.9999999668	8.615718564e-09	
9.746802487e-09	8.679199619e-09	6.067116501e-09	0.9999999669	8.575413042e-09	
1.19267868e-05	1.001241986e-08	7.760713085e-09	0.9999880461	9.327638171e-09	
9.724372301e-09	8.679210275e-09	6.067105104e-09	0.999999967	8.569656882e-09	
9.730888577e-09	8.679230994e-09	6.067122229e-09	0.9999999669	8.606771565e-09	
9.746510296e-09	8.679236466e-09	6.06712759e-09	0.9999999669	8.604118458e-09	
9.731432801e-09	8.679235266e-09	6.067123624e-09	0.9999999669	8.60987852e-09	
9.764524698e-09	8.702143806e-09	6.108435418e-09	0.9999999668	8.60994495e-09	
9.743096627e-09	8.679218372e-09	6.067112775e-09	0.9999999669	8.569666438e-09	
9.75048614e-09	1.283440083e-08	6.098527475e-09	0.9999999627	8.608782689e-09	
1.19267868e-05	1.001241986e-08	7.760713085e-09	0.9999880461	9.327638171e-09	
1.192260955e-05	1.001239903e-08	7.760694168e-09	0.9999880503	9.290289123e-09	
1.193165196e-05	1.480584261e-08	7.800877931e-09	0.9999880364	9.332694566e-09	
0.0165671136	1.308246741e-08	2.144371901e-05	0.9834114174	1.220670132e-08	
0.01293814608	1.516512196e-05	1.195595843e-05	0.9870347205	1.237774816e-08	
0.9957709941	0.000394705103	0.001114915513	0.002719214139	1.711813307e-07	
0.002377431166	1.597434043e-08	5.38820041e-05	0.9975686569	1.391621897e-08	
9.708786063e-09	8.679204803e-09	6.067099743e-09	0.999999967	8.572299362e-09	
9.7243723e-09	8.679210275e-09	6.067105104e-09	0.999999967	8.569656882e-09	
9.709329051e-09	8.679209075e-09	6.067101138e-09	0.999999967	8.575393874e-09	
9.742345784e-09	8.702117545e-09	6.108412779e-09	0.9999999669	8.575460038e-09	
9.720966384e-09	8.679192181e-09	6.067090289e-09	0.999999967	8.535342851e-09	
9.728339113e-09	1.28343621e-08	6.098504873e-09	0.9999999628	8.574302432e-09	
9.730888575e-09	8.679230994e-09	6.067122229e-09	0.9999999669	8.606771565e-09	
9.715835247e-09	8.679229794e-09	6.067118263e-09	0.9999999669	8.612533404e-09	
9.748874104e-09	8.702138319e-09	6.108430021e-09	0.9999999668	8.612599854e-09	
9.727480378e-09	8.6792129e-09	6.067107415e-09	0.999999967	8.572308922e-09	
9.734858047e-09	1.283439274e-08	6.098522087e-09	0.9999999627	8.611437234e-09	
9.7314328e-09	8.679235266e-09	6.067123624e-09	0.9999999669	8.60987852e-09	
9.764524697e-09	8.702143806e-09	6.108435418e-09	0.9999999668	8.60994495e-09	
9.743096625e-09	8.679218372e-09	6.067112775e-09	0.9999999669	8.569666438e-09	
9.750486139e-09	1.283440083e-08	6.098527475e-09	0.9999999627	8.608782689e-09	
9.728024411e-09	8.679217172e-09	6.067108809e-09	0.999999967	8.575403437e-09	
9.735402493e-09	1.283439905e-08	6.098523489e-09	0.9999999627	8.614545874e-09	
9.761104718e-09	8.702125664e-09	6.108420503e-09	0.9999999669	8.5754696e-09	
9.76850789e-09	1.2868275e-08	6.140049089e-09	0.9999999626	8.61461234e-09	
1.567326976e-05	1.011799476e-08	8.222382944e-09	0.9999842988	9.559600619e-09	
1.573668138e-08	1.523648144e-05	3.416152202e-05	0.9999505733	1.299282425e-08	
9.747071077e-09	1.283437407e-08	6.098512584e-09	0.9999999627	8.574311993e-09	
0.02626280714	1.584851261e-08	0.07566039127	0.8980767699	1.585699644e-08	
0.02138458529	2.71770977e-05	0.3194898259	0.6590983903	2.139659234e-08	
0.002077461748	1.66497589e-08	0.1435005398	0.854421966	1.582755051e-08	
0.03216215126	1.494599853e-08	3.906219604e-05	0.9677987573	1.425779989e-08	
0.02127379163	1.905563003e-05	0.04375537677	0.9349517593	1.667795545e-08	
0.286211008	8.669701738e-05	0.7132520042	0.0004502504896	4.031916931e-08	
2.857438703e-05	1.991560305e-05	0.1436066189	0.856344874	1.714725554e-08	
0.0116136964	2.050773616e-08	0.2520586417	0.7363276234	1.799129967e-08	
0.003411019269	1.751474063e-08	0.1720656353	0.8245233115	1.636160076e-08	
0.04764633091	5.766096143e-06	4.498686014e-05	0.9523029006	1.556432817e-08	
0.004662073046	1.842864821e-08	0.1755347647	0.8198031274	1.64627937e-08	
2.539061299e-05	1.648666148e-08	0.1415292202	0.8584453571	1.568179105e-08	
0.01663158497	2.759785449e-05	0.2124450198	0.7708957757	2.159540413e-08	
0.001473675818	1.542113392e-08	0.08703204162	0.9114942526	1.457023465e-08	
0.0216194799	1.311790633e-08	2.244985409e-05	0.9783580447	1.243759995e-08	
0.01452371776	1.698617719e-05	0.02554000883	0.9599192725	1.477609334e-08	
0.3191403401	0.0001262231359	0.6799783519	0.0007550264612	5.834328294e-08	
2.025584265e-05	1.843343584e-05	0.08703713054	0.9129241644	1.577436656e-08	
0.008702878289	2.00654822e-08	0.1614919015	0.8298051826	1.749600505e-08	
0.002453076872	1.644637293e-08	0.1057980938	0.8917487976	1.526991758e-08	
0.03219695342	5.087525915e-06	2.599128281e-05	0.9677719541	1.364896162e-08	
2.1925826e-05	2.204527754e-08	0.1668484911	0.8331295438	1.721774513e-08	
0.03614601029	1.402654453e-08	0.008882988447	0.9549709734	1.379309541e-08	
0.003359749994	1.734046767e-08	0.1081552847	0.8884849325	1.53962637e-08	
1.798167172e-05	1.524505649e-08	0.08569583367	0.914286155	1.441240502e-08	
0.001156373029	2.548397574e-05	0.3541636052	0.6446545188	1.894639286e-08	
0.02392664625	3.05742625e-05	0.0001288483529	0.9759139083	2.281062403e-08	
0.07761228972	0.06464614561	0.8575760449	0.0001654962149	2.351276219e-08	
1.542662148e-05	0.02956525835	0.3437588085	0.6266604867	1.990840344e-08	
0.001810523242	2.556336131e-05	0.4049482733	0.5932156215	1.867642014e-08	
1.356586123e-05	2.872512025e-05	0.5353557262	0.4646019652	1.765353478e-08	
0.03833196699	3.132609859e-05	0.04885270287	0.9127839798	2.42396572e-08	
0.002461192167	2.675187623e-05	0.4108800637	0.5866319735	1.869037001e-08	
0.00183384798	1.477781285e-08	4.565881882e-05	0.9981204651	1.331237555e-08	
0.001193175046	1.85331636e-05	0.0503083953	0.9484798812	1.531746424e-08	
1.550136937e-06	1.873499535e-05	0.1597045816	0.8402751181	1.52325484e-08	
0.0006278648455	1.922562231e-08	0.2793489647	0.7200231353	1.592733229e-08	
0.0002461353648	0.000269177747	0.6686885735	0.3307960752	3.822324975e-08	
0.000184935951	1.646674912e-08	0.1912410372	0.8085739958	1.452605781e-08	
0.00275834971	5.788535875e-06	5.338943467e-05	0.9971824576	1.475485845e-08	
1.563806386e-06	2.088190605e-08	0.2853266668	0.7146717331	1.54954496e-08	
0.003080233919	1.587455551e-08	0.01814995234	0.978769783	1.483153017e-08	
0.000252943001	1.733820202e-08	0.1952344757	0.8045125493	1.462621435e-08	
1.377789202e-06	1.551348241e-08	0.1574365196	0.8425620731	1.393445728e-08	
0.01690283741	1.522333986e-05	1.253103615e-05	0.9830693956	1.262609579e-08	
0.9967259542	0.0003035746541	0.0008953096736	0.002075027649	1.337865848e-07	
2.521212749e-05	1.766842963e-05	4.567177298e-05	0.9999114333	1.441580003e-08	
0.003116167751	1.608837885e-08	5.665935687e-05	0.9968271426	1.424209914e-08	
0.0364296917	4.432817286e-06	1.239802644e-08	0.9635658517	1.133882284e-08	
2.990343682e-05	2.315331562e-08	9.593377886e-05	0.9998741224	1.724126223e-08	
0.0412392579	1.232348805e-08	4.272614379e-06	0.9587564456	1.155419931e-08	
0.004278600553	1.700544758e-08	5.806663417e-05	0.9956633014	1.439586492e-08	
2.234863745e-05	1.459091418e-08	4.490191054e-05	0.9999327217	1.315179663e-08	
0.3214131732	0.188691345	0.488918132	0.0009772735058	7.629410031e-08	
1.604024129e-05	0.02166695692	0.04920669941	0.9291102872	1.621924504e-08	
0.002004001334	1.994288699e-05	0.06170548638	0.9362705532	1.619726418e-08	
1.842638042e-05	2.749987289e-05	0.1001072294	0.8998468256	1.87879099e-08	
0.02846498902	1.639579174e-05	0.004994233442	0.9665243676	1.410361737e-08	
0.002748294144	2.10546537e-05	0.0631630487	0.9340675861	1.635270927e-08	
1.454514857e-05	1.830409161e-05	0.0494887966	0.950478339	1.513709998e-08	
0.0002394179542	0.1093662071	0.8898979259	0.0004964055697	4.350145548e-08	
0.05862662125	6.785033794e-05	0.9410483408	0.0002571601326	2.749896256e-08	
0.007124905603	0.2945012627	0.6983371848	3.662637492e-05	2.045866428e-08	
0.02609087907	8.780477739e-05	0.9733849477	0.000436330557	3.789306244e-08	
0.92472938	0.07334609042	0.0006457387084	0.00127869937	9.146289588e-08	
0.000151841291	7.663372801e-05	0.9995060721	0.0002654251074	2.781990596e-08	
0.8237279698	0.0001604518017	0.175110332	0.001001173068	7.333826708e-08	
0.03464857141	8.976553746e-05	0.9648401004	0.0004215256245	3.704581643e-08	
2.559501155e-06	0.2434232696	0.5059204679	0.2506536717	3.130732382e-08	
2.539129813e-06	1.966133731e-05	0.191038846	0.8089389379	1.570899324e-08	
3.769679815e-05	0.00687963651	5.308691592e-05	0.9930295639	1.588280524e-08	
2.146976633e-08	2.493194145e-05	0.285012386	0.7149626439	1.675658609e-08	
4.240102374e-05	1.900359834e-05	0.01817796102	0.9817606183	1.608109538e-08	
3.473101981e-06	2.070334662e-05	0.1950421227	0.804933685	1.581844641e-08	
1.891237343e-08	1.851885711e-05	0.1572337505	0.8427476967	1.506573559e-08	
0.0009415904468	0.0002268817269	0.8037528984	0.1950785997	2.973219897e-08	
0.001000084851	1.961985133e-08	0.3249430246	0.674056855	1.597256516e-08	
0.01762542321	8.149506234e-06	0.0001071904697	0.9822592176	1.917064264e-08	
7.825947255e-06	2.302482888e-08	0.4486492243	0.551342911	1.576774227e-08	
0.01929166893	2.190584521e-08	0.03571677305	0.9449915172	1.888789054e-08	
7.681924598e-06	1.905763041e-08	0.2758057828	0.7241865004	1.579751288e-08	
0.0003602852417	0.0002524388733	0.7148021132	0.2845851275	3.522581169e-08	
0.01206815342	0.1992890616	0.000448153124	0.7881945515	8.035532414e-08	
2.31092418e-06	0.0002428265048	0.8089556023	0.1907992318	2.85032912e-08	
0.0004861417392	0.0002622210422	0.7199069455	0.2793446567	3.499131717e-08	
3.032126943e-06	0.0002686563667	0.6647367552	0.3349915181	3.817181186e-08	
0.004684083225	6.297796605e-06	6.620946364e-05	0.9952433937	1.57750691e-08	
2.488530788e-06	2.128995767e-08	0.3315827046	0.66841477	1.552476961e-08	
0.005206710838	1.719198242e-08	0.02240498822	0.972388268	1.578434867e-08	
0.0004108440829	1.804276336e-08	0.2315796274	0.7680094955	1.495709492e-08	
2.258023342e-06	1.628919313e-08	0.1884259014	0.8115718099	1.43779396e-08	
4.50192061e-05	9.077421273e-06	0.0001122775517	0.9998336067	1.912666608e-08	
0.06081932009	4.733004738e-06	4.898567219e-06	0.9391710358	1.255636887e-08	
0.006427624813	6.652875778e-06	6.781411266e-05	0.9934978923	1.593602601e-08	
3.39154632e-06	2.23369772e-08	0.3373033871	0.6626931835	1.557624402e-08	
1.912337789e-08	2.068885158e-08	0.2815635399	0.7184364049	1.536128728e-08	
0.007139250774	1.814721585e-08	0.02293020809	0.9699305071	1.593304152e-08	
3.759691877e-05	1.569837685e-08	0.01787707544	0.9820852973	1.467561531e-08	
3.088808597e-06	1.715366842e-08	0.1923876855	0.8076091941	1.447911672e-08	
