1.046650764e-08	9.793515665e-09	0.9669157364	0.0330842328	1.055550647e-08	
7.154729433e-08	6.663868986e-08	0.04305188603	0.9567791966	0.0001687791529	
9.86212733e-09	9.223850794e-09	0.9792359643	0.020763728	2.88634855e-07	
8.752765614e-09	4.649290544e-07	0.9999855959	1.39221307e-05	8.266946589e-09	
9.99765445e-09	9.351890717e-09	0.976587428	0.02341230107	2.515956825e-07	
9.081384821e-09	8.512027092e-09	0.9932505036	0.006749470226	8.594225867e-09	
9.27133308e-09	8.686435424e-09	0.9896443027	0.01035567055	8.757361229e-09	
9.759561432e-09	9.074443488e-09	0.9953994123	0.004590254604	1.031430861e-05	
9.793388619e-09	9.156542695e-09	0.9806253592	0.01937428912	3.326877979e-07	
1.721580254e-08	6.078574424e-07	0.8401192278	0.1598801307	1.642155794e-08	
1.019795299e-08	9.528918782e-09	0.9732182957	0.02678119568	4.888820817e-07	
1.010611298e-08	9.437685007e-09	0.9741706915	0.02582918852	1.004324522e-07	
5.792390084e-08	5.39862584e-08	0.03326624633	0.9665928766	0.0001407651334	
1.02673899e-08	9.609347755e-09	0.9730246329	0.02697503767	3.095636298e-07	
9.170571454e-09	4.874498933e-07	0.9999812922	1.820220859e-05	8.922939307e-09	
1.040007154e-08	9.734862462e-09	0.9696083888	0.03039132148	2.696206154e-07	
9.683105985e-09	9.078336773e-09	0.9865035698	0.01349640205	9.422311823e-09	
1.71925968e-08	6.074466429e-07	0.8007596123	0.1992397462	1.689430263e-08	
9.447849672e-09	8.949056477e-09	0.9923749348	0.007625037561	9.216840671e-09	
1.059753451e-08	9.908950332e-09	0.9652707122	0.03472874396	5.233685971e-07	
1.050514584e-08	9.816928042e-09	0.9664959247	0.03350394746	1.075483398e-07	
8.472718976e-08	7.893199247e-08	0.052299642	0.9417248769	0.005975317469	
7.674258175e-08	7.150333639e-08	0.04660243149	0.9487436871	0.004653733195	
2.930205166e-08	3.461378774e-08	0.01166869142	0.9882667063	6.453834025e-05	
2.627236865e-07	2.436915451e-07	0.1692072529	0.002066368251	0.8287258724	
1.765634003e-07	1.635230513e-07	0.111950729	0.4384031563	0.4496457746	
8.97008672e-08	8.353794319e-08	0.0558374964	0.93681955	0.007342780384	
2.027060191e-08	7.129017986e-07	0.00614949511	0.9938031795	4.659225628e-05	
6.862177539e-08	6.386768426e-08	0.04071161895	0.9513611715	0.007927077013	
7.084298599e-08	6.589717357e-08	0.04245285797	0.9558505329	0.001696472364	
8.532364563e-09	4.533230688e-07	0.9999880171	1.128008944e-05	2.409249795e-07	
9.789307791e-09	9.159047542e-09	0.980938856	0.01905376015	7.364947244e-06	
8.864039084e-09	8.310164275e-09	0.9945241284	0.00547560361	2.507834895e-07	
9.405838381e-09	8.760868722e-09	0.9996202381	1.164721842e-05	0.0003680965621	
9.05564657e-09	8.486251619e-09	0.9915927811	0.008406945621	2.557190835e-07	
9.519314671e-09	8.853039666e-09	0.9959779143	0.003721301758	0.0003007655547	
9.581901354e-09	8.960809827e-09	0.9842349307	0.01575531954	9.731239785e-06	
1.730737431e-08	6.112272115e-07	0.8664066661	0.1335922118	4.935496691e-07	
8.81584879e-09	8.346669999e-09	0.9952607126	0.004739020612	2.495824972e-07	
9.9917817e-09	9.338359418e-09	0.9781763154	0.02180934517	1.432011962e-05	
8.673063303e-09	4.608616499e-07	0.9999865665	1.275342724e-05	2.105774376e-07	
7.746096216e-09	4.124397911e-07	0.9999959577	3.615005049e-06	7.072481655e-09	
8.177604381e-09	4.325890093e-07	0.9999892237	7.650265125e-09	1.032789965e-05	
8.46089571e-09	4.493778181e-07	0.9999887545	1.051035885e-05	2.773029465e-07	
1.735875623e-08	3.481687777e-05	0.9998639233	0.0001012265045	1.597496616e-08	
7.698285833e-09	4.139452155e-07	0.9999964449	3.12639739e-06	7.033406025e-09	
9.003780991e-09	8.442333547e-09	0.9938133846	0.006186378873	2.190378129e-07	
9.561383353e-09	8.906970809e-09	0.9996650674	1.316911807e-05	0.0003217450495	
9.67196752e-09	8.996243329e-09	0.9955317411	0.00420547724	0.0002627629545	
9.71993044e-09	9.091140283e-09	0.9822148428	0.01777665032	8.488022626e-06	
1.729108326e-08	6.107357372e-07	0.851547852	0.148451096	4.239833224e-07	
8.955691978e-09	8.48023517e-09	0.994645068	0.005354696566	2.180098089e-07	
1.012772896e-08	9.466716157e-09	0.9753995105	0.02458798909	1.248080713e-05	
8.542130142e-09	7.973611996e-09	0.99998544	3.733995348e-06	1.080953341e-05	
8.268328689e-09	7.765213972e-09	0.9972902878	0.002709688623	7.549843038e-09	
8.66647415e-09	8.077341174e-09	0.9987951751	0.001195954155	8.854037865e-06	
8.793070755e-09	8.240914097e-09	0.9948958317	0.005103862539	2.887576917e-07	
1.728113235e-08	6.116217834e-07	0.9529119204	0.04708743472	1.593486506e-08	
8.02925191e-09	7.61839434e-09	0.9984763368	0.001523640226	7.350241218e-09	
9.118060363e-09	8.535325249e-09	0.9931624365	0.006837458277	8.759543834e-08	
1.403387644e-08	1.664156041e-08	0.9299785639	0.07002096027	4.451185639e-07	
1.423703008e-08	1.686236916e-08	0.9082292219	0.09177061486	1.32100206e-07	
1.197726438e-07	0.001652786921	0.4067421997	0.5916047909	1.026720885e-07	
2.708377451e-05	2.863373217e-05	0.770713663	0.2292306024	1.706635814e-08	
0.0001242254129	6.462096808e-05	0.9996756332	0.0001354979279	2.252278284e-08	
2.2588826e-08	2.838408259e-05	0.4645632	0.535408375	1.837076352e-08	
7.860644677e-06	3.274116902e-08	0.5227582868	0.477233803	1.681475036e-08	
8.42262403e-05	1.794411528e-05	0.0002161951791	0.9996816063	2.81386104e-08	
1.840417167e-08	1.125290988e-07	0.645114668	0.3548851859	1.509384857e-08	
2.004262566e-08	2.353587307e-08	0.4731696768	0.5268302628	1.676794242e-08	
8.752557472e-09	8.166620596e-09	0.9999831783	5.749909313e-06	1.105483161e-05	
9.3265353e-09	8.684141106e-09	0.9995654771	1.085183317e-05	0.000423653016	
8.489407142e-09	8.002716669e-09	0.9999860044	3.229305092e-06	1.074981131e-05	
9.783695532e-09	9.104194879e-09	0.999357707	1.511157977e-05	0.0006271625588	
9.690943124e-09	9.012709453e-09	0.9998566358	1.456741993e-05	0.0001287781087	
8.984942102e-09	8.417218399e-09	0.9921619252	0.007837762861	2.944995753e-07	
1.72678958e-08	6.10897941e-07	0.9292877519	0.07071160409	1.589249228e-08	
8.220301632e-09	7.796408965e-09	0.9976556746	0.002344301876	7.510877142e-09	
9.308335147e-09	8.709798693e-09	0.9895097192	0.01049017355	8.925394795e-08	
9.441540743e-09	8.777815963e-09	0.9961856426	0.00346808824	0.0003462509714	
8.614371731e-09	8.108130946e-09	0.9989567022	0.001034474575	8.806538786e-06	
9.891275652e-09	9.190264013e-09	0.994665006	0.004823071956	0.0005119029875	
9.798325256e-09	9.098676919e-09	0.9952450752	0.004649785771	0.0001051201603	
1.732028471e-08	6.114816003e-07	0.8743775675	0.1256212304	5.732979916e-07	
8.74482658e-09	8.276699443e-09	0.9955826312	0.004417064376	2.873603933e-07	
9.922827262e-09	9.270858488e-09	0.9796321258	0.02035134809	1.650687471e-05	
9.831281282e-09	9.180056461e-09	0.9803730428	0.01962354788	3.390301713e-06	
1.728446683e-08	6.177857692e-07	0.9590154805	0.04098386844	1.594831834e-08	
1.731842926e-08	6.110390275e-07	0.8332582218	0.1667403409	8.089489649e-07	
1.725065705e-08	6.082985775e-07	0.8383597133	0.1616394941	1.670386874e-07	
9.159486038e-09	8.663815026e-09	0.9938580101	0.006141547306	4.247506413e-07	
9.070159829e-09	8.574399535e-09	0.9940811275	0.005918767665	8.719200848e-08	
1.023640134e-08	9.552446599e-09	0.9728719264	0.02712307228	4.98153014e-06	
5.581873692e-09	0.9999978952	3.300464005e-09	2.542593198e-09	2.093335225e-06	
5.576754829e-09	0.9999987274	3.299571972e-09	2.542624224e-09	1.261199987e-06	
5.583659859e-09	0.9999981597	3.324086652e-09	2.545245988e-09	1.828874692e-06	
5.671252353e-09	0.9999997083	3.295773805e-09	2.539672946e-09	2.801458408e-07	
5.576685451e-09	0.9999987415	3.299530144e-09	2.542592438e-09	1.247115832e-06	
5.761872541e-09	0.9999997746	3.295371716e-09	2.539431275e-09	2.137937121e-07	
5.832808201e-09	0.9999997006	5.514870597e-08	4.088366608e-09	2.343624628e-07	
5.576723186e-09	0.9999987338	3.299552093e-09	2.542609786e-09	1.254750584e-06	
8.406896057e-09	0.9999687681	5.932264095e-09	2.575187936e-09	3.121494057e-05	
5.567885665e-09	0.9999997757	3.293757711e-09	2.537540077e-09	2.129458323e-07	
5.766095194e-09	0.9999997745	3.29388569e-09	2.537584538e-09	2.138778796e-07	
5.674854391e-09	0.9999990037	3.346223327e-09	2.652820303e-09	9.845893035e-07	
5.586162839e-09	0.9999986372	3.319749888e-09	2.542427977e-09	1.351388022e-06	
5.581240213e-09	0.9999979275	3.301743732e-09	2.544442002e-09	2.061104909e-06	
5.58114659e-09	0.9999989018	3.318822913e-09	2.543304782e-09	1.086736038e-06	
2.844656104e-06	0.9999363698	4.679193506e-05	5.275683267e-06	8.717891479e-06	
5.094388563e-09	0.9999997201	3.263863095e-09	2.531522979e-09	2.690313015e-07	
5.100698615e-09	0.999999599	3.288113938e-09	2.534134428e-09	3.90124297e-07	
5.180708443e-09	0.9999999293	3.260103516e-09	2.528582635e-09	5.975891433e-08	
5.09432513e-09	0.9999997231	3.263821683e-09	2.531491304e-09	2.660269545e-07	
5.328290076e-09	0.9999998861	5.455182745e-08	4.070513277e-09	4.999269594e-08	
5.094359632e-09	0.9999997215	3.263843414e-09	2.531508591e-09	2.676555537e-07	
7.679915234e-09	0.9999933252	5.868201779e-09	2.564004935e-09	6.658733007e-06	
5.086282352e-09	0.9999999437	3.258109071e-09	2.526458947e-09	4.542423703e-08	
5.267347429e-09	0.9999999433	3.258235667e-09	2.526503215e-09	4.562305542e-08	
5.184001791e-09	0.9999997788	3.310008856e-09	2.641237361e-09	2.10026393e-07	
5.102983182e-09	0.9999997008	3.283822873e-09	2.531327769e-09	2.8826967e-07	
5.098489188e-09	0.9999995494	3.266013406e-09	2.533334415e-09	4.396622983e-07	
5.098399755e-09	0.9999997573	3.282905246e-09	2.532200218e-09	2.318157101e-07	
5.096017563e-09	0.999999754	3.287223018e-09	2.534163636e-09	2.350433028e-07	
6.340508329e-09	0.99999181	2.647896938e-06	5.50251558e-06	3.320236833e-08	
5.175953285e-09	0.999999953	3.259219757e-09	2.528611447e-09	3.60037323e-08	
5.089649676e-09	0.9999998288	3.262937183e-09	2.531520356e-09	1.602767411e-07	
5.25865885e-09	0.9999999615	3.258821939e-09	2.528370682e-09	2.747629988e-08	
5.323399437e-09	0.9999999059	5.453703915e-08	4.070559642e-09	3.011975125e-08	
5.08968415e-09	0.9999998279	3.262958911e-09	2.531537645e-09	1.612579447e-07	
7.672886284e-09	0.9999959721	5.866626398e-09	2.564040876e-09	4.01178422e-06	
5.081613834e-09	0.9999999618	3.257225834e-09	2.526487719e-09	2.73673322e-08	
5.262512719e-09	0.9999999615	3.257352396e-09	2.526531989e-09	2.748711691e-08	
5.179243918e-09	0.9999998623	3.309111766e-09	2.641267614e-09	1.26537347e-07	
5.098299827e-09	0.9999998154	3.282932982e-09	2.531356842e-09	1.736776026e-07	
5.093810265e-09	0.9999997242	3.265128538e-09	2.533363663e-09	2.648891175e-07	
5.093720493e-09	0.9999998494	3.28201553e-09	2.532229244e-09	1.39665043e-07	
6.348362372e-09	0.9999917697	2.667571304e-06	5.508192267e-06	4.814700587e-08	
5.182364908e-09	0.9999999368	3.283436445e-09	2.531220157e-09	5.220928624e-08	
5.095954107e-09	0.9999997567	3.287181308e-09	2.534131926e-09	2.324185092e-07	
5.265172944e-09	0.9999999491	3.283035684e-09	2.530979154e-09	3.984359174e-08	
5.095988621e-09	0.9999997552	3.287203196e-09	2.534149232e-09	2.338413597e-07	
7.682377192e-09	0.9999941663	5.910206088e-09	2.566681546e-09	5.81750842e-06	
5.087908615e-09	0.9999999494	3.281427719e-09	2.529094249e-09	3.968557688e-08	
5.269031586e-09	0.9999999491	3.281555221e-09	2.529138564e-09	3.985927759e-08	
5.104614942e-09	0.9999997372	3.307325659e-09	2.533968228e-09	2.518511977e-07	
5.100119609e-09	0.999999605	3.28938879e-09	2.535977015e-09	3.841176858e-07	
5.100030014e-09	0.9999997865	3.306401441e-09	2.534841569e-09	2.025293324e-07	
2.599452944e-06	0.9999439006	4.661711512e-05	5.258162619e-06	1.624718804e-06	
6.447941478e-09	0.9999918452	2.644846418e-06	5.496123494e-06	7.37511631e-09	
6.340429364e-09	0.9999918105	2.647863335e-06	5.502446716e-06	3.283158822e-08	
6.55097186e-09	0.9999918477	2.644523575e-06	5.495600143e-06	5.628330545e-09	
6.340472313e-09	0.9999918103	2.647880969e-06	5.502484299e-06	3.303258105e-08	
6.452039407e-09	0.9999915413	2.685333052e-06	5.740988759e-06	2.592029751e-08	
6.345612906e-09	0.9999917833	2.649641817e-06	5.506453707e-06	5.426071833e-08	
6.34550037e-09	0.9999917977	2.663345265e-06	5.503987353e-06	2.860942265e-08	
7.904245607e-08	0.002814590832	3.308608813e-05	0.9971521743	6.970217535e-08	
0.0001845551581	0.8807812738	0.1189724275	6.170994987e-05	3.361078258e-08	
5.175888822e-09	0.9999999534	3.259178396e-09	2.528579801e-09	3.560166857e-08	
5.347761139e-09	0.9999999828	3.255067556e-09	2.525433525e-09	6.103206331e-09	
5.413598697e-09	0.9999999294	5.447420891e-08	4.065830963e-09	6.690386175e-09	
5.175923884e-09	0.9999999532	3.259200101e-09	2.528597072e-09	3.581961965e-08	
7.80291923e-09	0.9999990927	5.859885809e-09	2.561070219e-09	8.911251819e-07	
5.167716286e-09	0.999999983	3.253473289e-09	2.523552749e-09	6.079001753e-09	
5.351680307e-09	0.9999999828	3.253599706e-09	2.523596967e-09	6.105609076e-09	
5.267001013e-09	0.9999999607	3.3052997e-09	2.63819951e-09	2.810726335e-08	
5.184685595e-09	0.9999999504	3.279151195e-09	2.528416503e-09	3.857835183e-08	
5.180028532e-09	0.999999958	3.278234713e-09	2.529287825e-09	3.102326924e-08	
5.258593357e-09	0.9999999618	3.258780583e-09	2.528339039e-09	2.716946437e-08	
5.323333138e-09	0.9999999063	5.453634705e-08	4.070508698e-09	2.978339558e-08	
5.089620769e-09	0.9999998297	3.262917507e-09	2.531505966e-09	1.594571324e-07	
7.672791065e-09	0.9999960169	5.866552208e-09	2.564008901e-09	3.966983682e-06	
5.081550546e-09	0.9999999621	3.257184498e-09	2.5264561e-09	2.706171357e-08	
5.262447178e-09	0.9999999618	3.257311058e-09	2.526500369e-09	2.71801606e-08	
5.17917942e-09	0.9999998637	3.309069775e-09	2.641234561e-09	1.251242693e-07	
5.09823634e-09	0.9999998173	3.282891325e-09	2.531325166e-09	1.717380966e-07	
5.093746838e-09	0.9999997272	3.26508711e-09	2.533331965e-09	2.619310275e-07	
5.09365706e-09	0.999999851	3.281973884e-09	2.532197556e-09	1.381053647e-07	
5.258628979e-09	0.9999999616	3.258802286e-09	2.528356309e-09	2.733579405e-08	
7.927602187e-09	0.9999993036	5.859171743e-09	2.560826883e-09	6.80063597e-07	
5.250290197e-09	0.9999999843	3.25307615e-09	2.523312449e-09	4.639198864e-09	
5.437193743e-09	0.9999999841	3.253202551e-09	2.523356663e-09	4.659504281e-09	
5.351161403e-09	0.9999999673	3.304896252e-09	2.637948306e-09	2.145009826e-08	
5.267530696e-09	0.9999999595	3.278750946e-09	2.528175759e-09	2.944112449e-08	
5.262892508e-09	0.999999944	3.26096943e-09	2.53018025e-09	4.490293487e-08	
5.262799209e-09	0.9999999653	3.27783457e-09	2.529046993e-09	2.367545234e-08	
5.323369198e-09	0.9999999061	5.453671024e-08	4.070536501e-09	2.996572757e-08	
5.314927768e-09	0.9999999311	5.444088234e-08	4.062416129e-09	5.085528862e-09	
5.417040809e-09	0.9999999115	5.530810201e-08	4.246974537e-09	2.351377828e-08	
5.332380504e-09	0.9999999035	5.487055505e-08	4.070245822e-09	3.22736085e-08	
5.327590769e-09	0.9999999098	5.485521935e-08	4.071648472e-09	2.595323017e-08	
8.611795736e-05	0.9949010797	0.004815867933	0.0001968755534	5.889569661e-08	
0.0001754029137	0.9970506643	0.002773846603	5.167656927e-08	3.451489693e-08	
7.258101675e-08	0.9966017892	0.002933399218	0.0004646748992	6.406410619e-08	
7.672842856e-09	0.9999959926	5.866591136e-09	2.564026352e-09	3.991269199e-06	
5.081584968e-09	0.9999999619	3.25720619e-09	2.526473357e-09	2.72273836e-08	
5.262482826e-09	0.9999999616	3.257332751e-09	2.526517626e-09	2.734655576e-08	
5.179214501e-09	0.999999863	3.309091811e-09	2.6412526e-09	1.258902718e-07	
5.098270871e-09	0.9999998163	3.282913186e-09	2.531342453e-09	1.727894658e-07	
5.093781336e-09	0.9999997256	3.26510885e-09	2.533349265e-09	2.635345517e-07	
5.093691562e-09	0.9999998501	3.281995739e-09	2.53221485e-09	1.389508365e-07	
7.933412019e-09	0.9999993033	5.856529588e-09	2.558964586e-09	6.803313281e-07	
7.807863179e-09	0.9999968517	5.949575919e-09	2.675166756e-09	3.131907908e-06	
7.685828966e-09	0.9999956852	5.902501496e-09	2.563842472e-09	4.298664867e-06	
7.67904419e-09	0.9999934277	5.870477537e-09	2.56586949e-09	6.556211391e-06	
7.678931696e-09	0.999996527	5.900856743e-09	2.564728142e-09	3.45682857e-06	
3.913664809e-06	0.9998798456	8.319140864e-05	5.319834536e-06	2.772947919e-05	
5.254137932e-09	0.9999999843	3.251609198e-09	2.521477434e-09	4.64102525e-09	
5.171002072e-09	0.9999999675	3.30327758e-09	2.635983737e-09	2.136502976e-08	
5.090186988e-09	0.9999999598	3.27714508e-09	2.526292941e-09	2.932436455e-08	
5.085704956e-09	0.9999999444	3.259372272e-09	2.52829594e-09	4.472485526e-08	
5.085614797e-09	0.9999999655	3.276229153e-09	2.527163527e-09	2.358155836e-08	
5.355083063e-09	0.9999999672	3.303405932e-09	2.636029925e-09	2.145854285e-08	
5.271391066e-09	0.9999999595	3.277272416e-09	2.526337207e-09	2.945271504e-08	
5.266749479e-09	0.999999944	3.259498918e-09	2.528340241e-09	4.492061251e-08	
5.266656111e-09	0.9999999652	3.276356453e-09	2.527207808e-09	2.368477303e-08	
5.187981747e-09	0.9999998533	3.329348292e-09	2.641063968e-09	1.355860059e-07	
5.183413314e-09	0.9999997821	3.311292188e-09	2.643157816e-09	2.067926874e-07	
5.183321821e-09	0.9999998798	3.328417844e-09	2.64197416e-09	1.090332025e-07	
7.165312723e-05	0.9995194956	6.077446732e-05	0.0003478043915	2.724141735e-07	
2.641906466e-06	0.9999440755	4.692752929e-05	5.480394148e-06	8.746797648e-07	
5.102403909e-09	0.9999997052	3.285096057e-09	2.533168312e-09	2.838312795e-07	
5.102314031e-09	0.9999998394	3.302086349e-09	2.532034003e-09	1.496524606e-07	
2.60061823e-06	0.9999443902	4.655629676e-05	5.252341023e-06	1.200533622e-06	
5.097820998e-09	0.9999997608	3.284178071e-09	2.534041393e-09	2.282465219e-07	
2.598282891e-06	0.9999446388	4.654329608e-05	5.254152308e-06	9.65424519e-07	
0.0008645897575	5.252458978e-09	3.642124431e-09	3.12010878e-09	0.9991353982	
0.005548229205	5.514364317e-09	3.823713316e-09	3.455842218e-09	0.994451758	
0.003645190322	5.408670731e-09	3.750432589e-09	3.197958885e-09	0.9963547973	
0.006417293368	5.5622865e-09	3.856958467e-09	3.300278377e-09	0.9935826939	
0.0738571913	1.189898131e-08	9.093422331e-09	2.045661415e-05	0.9261223311	
0.005964939856	5.53866057e-09	3.840559538e-09	5.106270463e-09	0.9940350457	
6.295780345e-06	5.187197695e-09	3.596869485e-09	3.078622288e-09	0.9999936924	
0.009842692792	5.751776397e-09	3.988352862e-09	3.413674819e-09	0.9901572941	
0.01191457355	2.820011471e-08	1.955384277e-08	0.0001911495967	0.9878942291	
0.00071904925	5.189053803e-09	3.598151216e-09	2.971432745e-09	0.999280939	
0.0004716302717	5.081132059e-09	3.523324729e-09	2.745124814e-09	0.9995283584	
0.0008323128709	5.238133306e-09	3.632198071e-09	2.839834602e-09	0.9991676754	
0.01018058054	1.190907455e-08	9.101164457e-09	1.870773741e-05	0.9898006907	
0.0004013950966	5.05048649e-09	3.502074862e-09	2.728585747e-09	0.9995985936	
0.0007733369144	5.21381837e-09	3.615322287e-09	4.392120453e-09	0.9992266499	
8.119930451e-07	4.85762536e-09	3.368350415e-09	2.634310159e-09	0.9999991771	
0.003032998981	5.345884266e-09	3.706888307e-09	3.047000671e-09	0.9969669889	
0.005342037435	5.500286875e-09	3.813959495e-09	3.145960211e-09	0.9946579501	
0.0119160193	5.938995704e-09	4.11815197e-09	3.385084687e-09	0.9880839673	
0.002582310264	5.315670472e-09	3.685937955e-09	3.029799064e-09	0.9974176777	
0.004965099705	5.476506519e-09	3.797453703e-09	4.867134382e-09	0.9950348862	
5.235224641e-06	5.123839387e-09	3.552928883e-09	2.931499211e-09	0.9999947532	
0.008198226404	5.690952032e-09	3.946168567e-09	3.255935134e-09	0.9918017607	
0.009927509501	2.79119152e-08	1.935396754e-08	0.0001823823524	0.9898900609	
0.003509472603	5.394479465e-09	3.740599674e-09	2.910994001e-09	0.9964905154	
0.007846065277	5.837985389e-09	4.048119404e-09	3.139376571e-09	0.9921539217	
0.001694845781	5.208457075e-09	3.611603055e-09	2.800842888e-09	0.9983051426	
3.432982763e-06	5.016041055e-09	3.478187912e-09	2.707567162e-09	0.9999965558	
0.005391167892	5.586980401e-09	3.874081991e-09	3.015725782e-09	0.9946088196	
0.01376871203	5.984605535e-09	4.14979485e-09	3.229466812e-09	0.9862312746	
0.07129452678	1.189900202e-08	9.093456309e-09	1.866998388e-05	0.9286867822	
0.002988194463	5.364371983e-09	3.719722958e-09	2.894765787e-09	0.9970117936	
0.005743351089	5.524607137e-09	3.830822402e-09	4.648468553e-09	0.9942566349	
6.060551756e-06	5.172884126e-09	3.586951433e-09	2.801984915e-09	0.9999939279	
0.009478424777	5.738013754e-09	3.978817617e-09	3.10807273e-09	0.9905215624	
0.006684974228	5.809157682e-09	4.02813018e-09	3.123894464e-09	0.9933150128	
0.01280483706	5.962295411e-09	4.13430708e-09	4.999316475e-09	0.9871951478	
1.360858789e-05	5.622598174e-09	3.898777188e-09	3.035000261e-09	0.9999863789	
0.02103504994	6.164138149e-09	4.274284577e-09	3.327289536e-09	0.9789649363	
7.482569494e-05	1.187098834e-08	9.072053363e-09	1.863145075e-05	0.9999065219	
0.1056669122	1.188994833e-08	9.086536727e-09	1.866105991e-05	0.8943144057	
0.4945788491	3.984338459e-08	0.0001199775562	0.505071096	0.0002300375916	
0.3862548195	4.078456396e-08	7.864905687e-05	0.6134386129	0.0002278777103	
0.2839126184	5.064020943e-05	4.878016302e-05	0.7157318832	0.0002560780366	
0.4737442409	1.449483717e-05	3.018940987e-08	0.5260652634	0.0001759707445	
0.522583963	2.899919222e-08	1.056601104e-05	0.4772403889	0.0001650530785	
0.002776881781	5.340287528e-09	3.703006666e-09	4.477762246e-09	0.9972231047	
2.921539209e-06	4.985440298e-09	3.456969126e-09	2.691066655e-09	0.9999970673	
0.00459168076	5.557357273e-09	3.853541142e-09	2.999755085e-09	0.9954083068	
5.630783744e-06	5.148570389e-09	3.570076682e-09	4.333327784e-09	0.9999943562	
0.008812206593	5.714882532e-09	3.962761172e-09	4.809929823e-09	0.9911877789	
0.01066867588	2.80231833e-08	1.943111499e-08	0.0002693712592	0.9890619054	
9.327657892e-06	5.367595723e-09	3.721966989e-09	2.908277046e-09	0.9999906603	
4.48027445e-06	1.110716816e-08	7.701657403e-09	0.9999665842	2.891670721e-05	
4.480274935e-06	1.110731716e-08	7.701657473e-09	0.9999665842	2.891670749e-05	
4.481620565e-06	1.110733328e-08	7.701659927e-09	0.9999665761	2.892350795e-05	
4.481620906e-06	1.110733323e-08	7.701659869e-09	0.9999665761	2.892350795e-05	
4.481621028e-06	1.110717181e-08	7.701659794e-09	0.9999665761	2.892350758e-05	
4.479122416e-06	1.110730343e-08	7.701655471e-09	0.9999665912	2.891088092e-05	
4.472692957e-06	1.11073035e-08	7.701648927e-09	0.9999665918	2.891667918e-05	
4.479122189e-06	1.110730343e-08	7.70165547e-09	0.9999665912	2.891088092e-05	
4.473401832e-06	1.110731838e-08	7.701650548e-09	0.9999665843	2.892347718e-05	
4.493116671e-06	1.113838079e-08	7.760075022e-09	0.9999665643	2.89237311e-05	
4.483900196e-06	3.671825599e-08	7.753549924e-09	0.9999665316	2.894001029e-05	
9.498962398e-09	8.719644268e-09	6.046205389e-09	0.9999999672	8.578577744e-09	
9.501815445e-09	8.719656991e-09	6.046207365e-09	0.9999999672	8.580595271e-09	
9.501816167e-09	8.719656953e-09	6.046207319e-09	0.9999999672	8.580595272e-09	
9.501816426e-09	8.719530232e-09	6.04620726e-09	0.9999999672	8.580595164e-09	
9.49651879e-09	8.719633429e-09	6.046203775e-09	0.9999999672	8.576849145e-09	
1.190407291e-05	1.017478872e-08	7.725844422e-09	0.9999880687	9.32947616e-09	
9.464911e-09	8.719630474e-09	6.046182459e-09	0.9999999672	8.554435497e-09	
9.482887212e-09	8.719633476e-09	6.046198634e-09	0.9999999672	8.57856928e-09	
9.49651831e-09	8.719633429e-09	6.046203775e-09	0.9999999672	8.576849145e-09	
9.484390223e-09	8.71964522e-09	6.046199953e-09	0.9999999672	8.580586074e-09	
9.526189302e-09	8.744030508e-09	6.092066353e-09	0.9999999671	8.580661573e-09	
9.482231871e-09	8.71963064e-09	6.046189785e-09	0.9999999672	8.554444576e-09	
9.501816475e-09	8.719773965e-09	6.04620742e-09	0.9999999672	8.580595353e-09	
9.501817197e-09	8.719773927e-09	6.046207374e-09	0.9999999672	8.580595354e-09	
9.501817456e-09	8.719647205e-09	6.046207315e-09	0.9999999672	8.580595246e-09	
9.496519819e-09	8.719750403e-09	6.04620383e-09	0.9999999672	8.576849227e-09	
1.19040742e-05	1.017492522e-08	7.725844492e-09	0.9999880687	9.329476249e-09	
9.464912025e-09	8.719747448e-09	6.046182514e-09	0.9999999672	8.554435579e-09	
9.48288824e-09	8.719750451e-09	6.046198689e-09	0.9999999672	8.578569362e-09	
9.496519339e-09	8.719750403e-09	6.04620383e-09	0.9999999672	8.576849227e-09	
9.484391251e-09	8.719762194e-09	6.046200007e-09	0.9999999672	8.580586156e-09	
9.482232898e-09	8.719747614e-09	6.04618984e-09	0.9999999672	8.554444658e-09	
9.506649921e-09	2.882554186e-08	6.08694394e-09	0.999999947	8.58549123e-09	
9.504671101e-09	8.71978665e-09	6.04620935e-09	0.9999999671	8.582613356e-09	
9.499372132e-09	8.719763126e-09	6.046205806e-09	0.9999999672	8.578866348e-09	
1.190764959e-05	1.017494003e-08	7.725846989e-09	0.9999880651	9.331670341e-09	
9.485736459e-09	8.719763174e-09	6.046200665e-09	0.9999999672	8.580586888e-09	
9.499371653e-09	8.719763126e-09	6.046205806e-09	0.9999999672	8.578866348e-09	
9.487239921e-09	8.719774917e-09	6.046201983e-09	0.9999999672	8.582604156e-09	
9.529051559e-09	8.744160568e-09	6.092068399e-09	0.9999999671	8.582679672e-09	
9.485080921e-09	8.719760337e-09	6.046191816e-09	0.9999999672	8.55645651e-09	
9.509505277e-09	2.882558392e-08	6.086945929e-09	0.999999947	8.587510384e-09	
9.504672082e-09	8.71965989e-09	6.046209245e-09	0.9999999671	8.582613248e-09	
9.499372854e-09	8.719763088e-09	6.04620576e-09	0.9999999672	8.578866349e-09	
1.190765049e-05	1.017493998e-08	7.725846931e-09	0.9999880651	9.331670342e-09	
9.467755565e-09	8.719760133e-09	6.046184444e-09	0.9999999672	8.55644743e-09	
9.48573718e-09	8.719763136e-09	6.046200619e-09	0.9999999672	8.580586888e-09	
9.499372374e-09	8.719763088e-09	6.04620576e-09	0.9999999672	8.578866348e-09	
9.487240642e-09	8.719774879e-09	6.046201937e-09	0.9999999672	8.582604157e-09	
9.509506e-09	2.882558379e-08	6.086945883e-09	0.999999947	8.587510384e-09	
9.499373113e-09	8.719636366e-09	6.046205701e-09	0.9999999672	8.578866241e-09	
1.190765082e-05	1.017479211e-08	7.725846856e-09	0.9999880651	9.331670224e-09	
9.467755823e-09	8.719633411e-09	6.046184385e-09	0.9999999672	8.556447322e-09	
9.485737438e-09	8.719636414e-09	6.04620056e-09	0.9999999672	8.58058678e-09	
9.499372633e-09	8.719636366e-09	6.046205701e-09	0.9999999672	8.57886624e-09	
9.487240901e-09	8.719648157e-09	6.046201878e-09	0.9999999672	8.582604049e-09	
9.529052543e-09	8.744033453e-09	6.092068293e-09	0.9999999671	8.582679565e-09	
9.4850819e-09	8.719633577e-09	6.046191711e-09	0.9999999672	8.556456402e-09	
1.190101191e-05	1.01749126e-08	7.725842454e-09	0.9999880718	9.327596372e-09	
9.462477177e-09	8.719736609e-09	6.0461809e-09	0.9999999672	8.552711846e-09	
9.480448767e-09	8.719739612e-09	6.046197075e-09	0.9999999672	8.576840765e-09	
9.494076359e-09	8.719739564e-09	6.046202216e-09	0.9999999672	8.575120977e-09	
9.481951391e-09	8.719751355e-09	6.046198393e-09	0.9999999672	8.578857153e-09	
9.523739721e-09	8.74413694e-09	6.092064782e-09	0.9999999671	8.578932636e-09	
9.479793594e-09	8.719736775e-09	6.046188226e-09	0.9999999672	8.552720922e-09	
9.504204335e-09	2.882550603e-08	6.086942315e-09	0.999999947	8.583761239e-09	
1.190101131e-05	1.01749126e-08	7.725842453e-09	0.9999880718	9.327596371e-09	
1.18831078e-05	1.017490953e-08	7.725824716e-09	0.9999880897	9.303230856e-09	
1.191370674e-05	3.363598162e-08	7.777900062e-09	0.9999880355	9.336994675e-09	
0.02807064213	1.501276653e-08	2.876482927e-05	0.9719005647	1.32970139e-08	
0.01786969648	1.614412253e-05	1.545131953e-05	0.9820986951	1.294132226e-08	
0.9964042702	0.0003770333995	0.001001811869	0.002216723219	1.612732421e-07	
0.008010345862	2.426992964e-08	6.655734109e-05	0.9919230572	1.529673217e-08	
9.448894463e-09	8.719736656e-09	6.046175759e-09	0.9999999672	8.55442714e-09	
9.462476699e-09	8.719736608e-09	6.0461809e-09	0.9999999672	8.552711845e-09	
9.450392087e-09	8.7197484e-09	6.046177077e-09	0.9999999672	8.556438258e-09	
9.492041331e-09	8.744133976e-09	6.092043304e-09	0.9999999671	8.556513544e-09	
9.448241471e-09	8.71973382e-09	6.04616691e-09	0.9999999673	8.530370328e-09	
9.472570965e-09	2.882549626e-08	6.086920855e-09	0.9999999471	8.561329528e-09	
9.480448288e-09	8.719739611e-09	6.046197075e-09	0.9999999672	8.576840765e-09	
9.468340724e-09	8.719751403e-09	6.046193252e-09	0.9999999672	8.580577691e-09	
9.51006907e-09	8.744136988e-09	6.092059602e-09	0.9999999671	8.580653189e-09	
9.466186024e-09	8.719736822e-09	6.046183085e-09	0.9999999672	8.554436218e-09	
9.490561726e-09	2.882550618e-08	6.086937139e-09	0.999999947	8.58548276e-09	
9.481950912e-09	8.719751355e-09	6.046198393e-09	0.9999999672	8.578857153e-09	
9.523739241e-09	8.74413694e-09	6.092064782e-09	0.9999999671	8.578932636e-09	
9.479793115e-09	8.719736775e-09	6.046188226e-09	0.9999999672	8.552720922e-09	
9.504203855e-09	2.882550603e-08	6.086942315e-09	0.999999947	8.583761238e-09	
9.467686388e-09	8.719748566e-09	6.046184403e-09	0.9999999672	8.556447339e-09	
9.492065953e-09	2.882554501e-08	6.086938466e-09	0.999999947	8.58750118e-09	
9.50941185e-09	8.744134143e-09	6.092050686e-09	0.9999999671	8.556522625e-09	
9.533898859e-09	2.890615829e-08	6.133113908e-09	0.9999999468	8.587576738e-09	
2.091759891e-05	1.051130726e-08	8.587996552e-09	0.9999790534	9.888671431e-09	
1.65519058e-08	1.624699609e-05	4.190792164e-05	0.9999418147	1.381136408e-08	
9.489905854e-09	2.882549681e-08	6.086928231e-09	0.999999947	8.561338614e-09	
0.06949218357	1.905498771e-08	0.1313728855	0.7991348938	1.807551372e-08	
0.07522654247	2.966097582e-05	0.4934205499	0.4313232234	2.323650567e-08	
0.01650252718	1.927378417e-08	0.254718787	0.7287786484	1.812715152e-08	
0.07295613414	1.750283545e-08	5.60798875e-05	0.926987752	1.647786573e-08	
0.04796298465	2.221609897e-05	0.07650942288	0.8755053573	1.907306954e-08	
0.3501655485	6.793318717e-05	0.649507747	0.0002587402269	3.112096589e-08	
4.807996808e-05	2.253154316e-05	0.2279174504	0.7720119189	1.916751312e-08	
0.03835041575	5.11473167e-08	0.3721551497	0.5894943639	1.954617387e-08	
0.01740430474	2.703573992e-08	0.2667851811	0.7158104689	1.824975293e-08	
0.1106052372	8.788118239e-06	6.543898351e-05	0.8893205176	1.811335816e-08	
0.01987777595	3.909013103e-08	0.2739552767	0.7061668899	1.836211929e-08	
4.301201867e-05	1.883697183e-08	0.2340530896	0.7659038619	1.763936864e-08	
0.06483850385	3.350800307e-05	0.356972082	0.5781558807	2.540372283e-08	
0.01210139906	1.852479222e-08	0.1567838192	0.8311147463	1.68608457e-08	
0.04816748157	1.514613295e-08	3.107809545e-05	0.9518014114	1.379932203e-08	
0.03254421481	1.975771092e-05	0.04357502641	0.9238609846	1.641545227e-08	
0.3908811096	9.939269946e-05	0.6085702788	0.0004491748627	4.406451538e-08	
3.454016403e-05	2.121545695e-05	0.1374336051	0.8625106218	1.746588746e-08	
0.03025682163	5.2890456e-08	0.2464520286	0.7232910773	1.956048638e-08	
0.01284877523	2.616040967e-08	0.1653186655	0.821832516	1.708939568e-08	
0.07404664653	7.711286218e-06	3.677234989e-05	0.9259088544	1.538131057e-08	
3.690329584e-05	1.102961905e-07	0.2502667733	0.7496961942	1.881835178e-08	
0.087403122	1.650854505e-08	0.01377168995	0.8988251561	1.543781795e-08	
0.01474564222	3.800705816e-08	0.1705810199	0.8146732826	1.727759815e-08	
3.099701414e-05	1.779272032e-08	0.1415792313	0.8583897378	1.612418363e-08	
0.0124693609	2.744754946e-05	0.560513662	0.426989509	2.063160397e-08	
0.09212306242	4.165410527e-05	0.0002062268337	0.9076290253	3.134131418e-08	
0.1477528326	0.05402406232	0.79813843	8.465530549e-05	1.977994855e-08	
3.684596124e-05	0.03254314371	0.5086684305	0.4587515577	2.212591192e-08	
0.01289735567	3.77594017e-05	0.5757542953	0.4113105693	2.037092157e-08	
2.970539589e-05	0.0001276651387	0.6989558356	0.3008867759	1.798857658e-08	
0.149827536	4.069256909e-05	0.0819083692	0.7682233708	3.142647232e-08	
0.01455876899	5.395936584e-05	0.5843432349	0.4010440165	2.025766375e-08	
0.01300562014	1.741897958e-08	6.851288603e-05	0.9869258338	1.57347299e-08	
0.00826776818	2.13793718e-05	0.09038427789	0.9013265569	1.761131411e-08	
7.788967031e-06	2.037753652e-05	0.2530399827	0.7469318342	1.663299835e-08	
0.00627722538	4.673750755e-08	0.4174625819	0.5762601289	1.713754009e-08	
0.003615281237	0.0002536593586	0.8276961384	0.1684342504	6.706294957e-07	
0.002843478884	2.465906677e-08	0.2987107878	0.6984456927	1.597126803e-08	
0.02039788486	9.047954006e-06	8.270692334e-05	0.9795103424	1.789359072e-08	
7.496976173e-06	9.543887434e-08	0.4151116392	0.5848807522	1.614458834e-08	
0.02393576039	1.925630261e-08	0.03079273469	0.9452714678	1.785379794e-08	
0.003250766697	3.568865534e-08	0.3070390099	0.6897101716	1.608532706e-08	
6.961823603e-06	1.702116673e-08	0.2596231675	0.7403698384	1.529344432e-08	
0.03089547297	1.641086825e-05	1.682031982e-05	0.9690712823	1.353188688e-08	
0.9978791848	0.0002220044343	0.0006317126294	0.001267000457	9.768024377e-08	
3.623950254e-05	1.947529765e-05	5.863086621e-05	0.9998856384	1.591229951e-08	
0.01395135974	2.485268002e-08	7.298812992e-05	0.9859756112	1.611261264e-08	
0.06749294243	6.14969635e-06	1.362855751e-08	0.9325008821	1.217392899e-08	
4.454295746e-05	1.164791758e-07	0.0001228266561	0.9998324942	1.972331598e-08	
0.08088895149	1.336733837e-08	5.18232967e-06	0.9191058404	1.24060244e-08	
0.01611619442	3.63443531e-08	7.580625681e-05	0.9838079466	1.639708433e-08	
3.267884757e-05	1.641206035e-08	6.069067407e-05	0.9999065993	1.476077167e-08	
0.3642873138	0.156474199	0.4785739423	0.0006644820899	6.278386733e-08	
2.270987337e-05	0.0235630548	0.07624690166	0.9001673161	1.755661053e-08	
0.008819185064	3.033193741e-05	0.09574752576	0.8954029393	1.793300751e-08	
2.633284918e-05	0.0001329480879	0.1506866701	0.8491540284	2.052929239e-08	
0.05728393031	1.827694257e-05	0.007616089578	0.9350816877	1.546861669e-08	
0.01015606547	4.421961336e-05	0.09913601352	0.8906636832	1.819302302e-08	
2.091457503e-05	2.027964841e-05	0.08060605708	0.9193527321	1.663284802e-08	
0.0002303522394	0.1001051208	0.8992948813	0.0003696059027	3.980005405e-08	
0.1111768719	0.0001375005127	0.8885148333	0.0001707696375	2.455815615e-08	
0.02489547877	0.2901491658	0.684935575	1.940681025e-05	3.736470781e-07	
0.07336931446	0.0001056898133	0.9262234241	0.0003015382798	3.334297879e-08	
0.9302567036	0.0685425247	0.0004532730904	0.000747432631	6.602611077e-08	
0.0001501870268	0.0003175876738	0.9993361527	0.0001960464464	2.616819752e-08	
0.8655074158	0.0001156614167	0.1338049635	0.0005719070757	5.223417313e-08	
0.08093433657	0.0001475941808	0.9186307214	0.0002873154604	3.240242015e-08	
8.665086051e-06	0.2439449963	0.6092627241	0.1467830312	5.833590421e-07	
8.225251207e-06	2.86210809e-05	0.2653706917	0.7345924452	1.676721957e-08	
5.668934805e-05	0.01008966954	7.059290892e-05	0.9897830302	1.804830063e-08	
2.203800417e-08	0.0001125697419	0.3747606014	0.6251267896	1.722406265e-08	
6.777173982e-05	2.187683745e-05	0.02677642253	0.9731339105	1.834655436e-08	
9.420121425e-06	4.149646634e-05	0.2732543863	0.7266946802	1.691698971e-08	
1.995168553e-08	1.95729431e-05	0.2285087877	0.7714716035	1.590685685e-08	
0.006202185567	0.0004969238053	0.8927236355	0.1005767213	5.338237509e-07	
0.00655557486	6.491927388e-08	0.4329673188	0.5604770244	1.708491195e-08	
0.05644181835	2.858923196e-05	0.0001438802427	0.9433856892	2.297343486e-08	
1.613756684e-05	2.345921499e-07	0.5617722332	0.4382113785	1.612469365e-08	
0.06428914904	5.906083656e-08	0.05199746175	0.8837133079	2.225018555e-08	
1.653909736e-05	4.617579252e-08	0.387771305	0.6122120929	1.685802401e-08	
0.003678528361	0.0003432795702	0.8363680864	0.1596094543	6.513821816e-07	
0.07010375376	0.3346214228	0.0006152058368	0.5946576789	1.938768754e-06	
7.476133997e-06	0.001024149776	0.8959387101	0.1030291564	5.075633987e-07	
0.004114886895	0.0004861267343	0.8411783797	0.1542199647	6.419103394e-07	
1.004762853e-05	0.0002643486526	0.8109730907	0.1887518172	6.958541739e-07	
0.02186915698	1.290215742e-05	8.806093124e-05	0.9780298616	1.831325774e-08	
7.834124382e-06	1.326461614e-07	0.4307881466	0.5692038705	1.610469521e-08	
0.02560355466	2.739624139e-08	0.03271114893	0.9416852508	1.823076334e-08	
0.003420026717	4.993889495e-08	0.3207980768	0.6757818304	1.615454739e-08	
7.348683688e-06	2.389686396e-08	0.2721601187	0.7278324933	1.541036934e-08	
7.038164681e-05	6.095400798e-05	0.0001493786522	0.9997192631	2.259667007e-08	
0.1220941595	6.682273216e-06	6.020689819e-06	0.8778931239	1.357758253e-08	
0.02523099288	1.884440327e-05	9.134660863e-05	0.9746587975	1.861326712e-08	
8.912644022e-06	1.910418605e-07	0.4406428205	0.5593480596	1.614073515e-08	
1.961637482e-08	9.364026995e-08	0.3829230972	0.6170767737	1.577152538e-08	
0.02948312956	3.993760844e-08	0.03386694091	0.9366498711	1.8494086e-08	
6.105599485e-05	1.841868894e-08	0.02769130194	0.9722476066	1.700300965e-08	
8.414016904e-06	3.463797475e-08	0.2801722816	0.7198192542	1.554395666e-08	
