4.392476975e-09	5.612859795e-06	1.101714636e-05	0.0007561309302	0.9992272347	
4.01243588e-09	0.001547063584	1.477596351e-08	0.0005268254221	0.9979260922	
4.252284721e-09	0.003835987497	1.525706834e-08	0.000521845441	0.9956421476	
4.356806249e-09	5.523445288e-06	1.003895163e-05	0.000719823521	0.9992646097	
4.749907843e-06	0.09893346597	6.124253816e-08	0.02126502173	0.8797967011	
4.349130544e-09	0.004605943271	3.666974354e-07	0.0003328310205	0.9950608547	
4.004185884e-09	0.003701194986	1.462947112e-08	1.079513823e-06	0.9962977069	
5.788262895e-09	0.005387156343	2.99477698e-08	0.0003645375272	0.9942482704	
3.993305312e-09	1.048023019e-05	1.468319465e-08	0.0008011804684	0.9991883206	
2.91296531e-06	6.73669611e-06	1.346492323e-06	1.547778723e-06	0.9999874561	
2.341746512e-08	0.007250590557	5.190221566e-07	1.253227221e-06	0.9927476138	
4.566330969e-09	0.005817575981	1.708844029e-08	0.0004191169197	0.9937632854	
4.837863842e-09	0.007368798713	2.808906707e-08	1.092704207e-06	0.9926300757	
3.982857361e-09	0.001832149606	1.451055188e-08	0.0002185662994	0.9979492656	
5.014200845e-05	0.16441504	0.0004148200307	6.762654125e-06	0.8351132353	
4.033662709e-09	1.317020733e-06	3.333571023e-06	0.001845610675	0.9981497347	
7.269847518e-09	4.729246657e-06	3.916497867e-06	0.001531118998	0.998460228	
4.284634409e-09	3.273117469e-06	3.450046546e-06	0.001832378654	0.9981608939	
4.361210013e-09	4.682111845e-09	0.002255223265	0.002510999823	0.9952337679	
5.002165646e-06	8.822853816e-05	1.447399755e-05	0.07804060207	0.9218516932	
4.387334078e-09	3.934683646e-06	8.301729188e-05	0.00117004874	0.9987429949	
4.039380785e-09	3.161808072e-06	3.312009842e-06	3.794990278e-06	0.9999897272	
5.843664313e-09	4.605635515e-06	6.785219882e-06	0.001282511152	0.9987060921	
4.005529361e-09	8.902073983e-09	3.305296225e-06	0.002800526276	0.9971961555	
2.926842879e-06	5.731971558e-09	0.0003036200206	5.419445623e-06	0.999688028	
2.370496655e-08	6.21535329e-06	0.0001179092265	4.420904967e-06	0.9998714308	
4.898387929e-09	6.318139377e-06	6.382624247e-06	3.85552963e-06	0.9999834388	
4.008162548e-09	1.561365143e-06	3.277154606e-06	0.0007665061902	0.9992286513	
5.425381119e-05	0.0001506478861	0.1007281072	2.549926115e-05	0.8990414919	
6.64397372e-09	0.001304127123	5.255191881e-09	0.001067290534	0.9976285704	
3.917684924e-09	0.0009030310508	4.631575713e-09	0.00127791529	0.9978190451	
4.001112338e-09	1.296107089e-06	3.037745366e-06	0.001757079999	0.9982385821	
4.572354607e-06	0.02433415537	1.94248829e-08	0.05440935219	0.9212519007	
4.010375468e-09	0.001085224294	1.11414309e-07	0.0008157543366	0.9980989059	
3.691507777e-09	0.0008718662252	4.443945155e-09	2.645274641e-06	0.9991254804	
5.340368679e-09	0.00126999176	9.104120251e-09	0.0008939603126	0.9978360335	
2.677908563e-06	1.582434416e-06	4.078634795e-07	3.782006812e-06	0.9999915498	
2.164780358e-08	0.001712638368	1.580921703e-07	3.079333875e-06	0.9982841026	
4.214049033e-09	0.001371805672	5.196191293e-09	0.001028064577	0.9976001203	
4.472671973e-09	0.001740718046	8.556599974e-09	2.685152929e-06	0.9982565838	
3.665434259e-09	0.0004308339776	4.40012606e-09	0.0005346466919	0.9990345113	
1.098080967e-08	0.02438272041	1.365747091e-08	0.01233858305	0.9632786719	
7.043689246e-09	0.003234796748	5.428275865e-09	0.001057586452	0.9957076043	
7.21107395e-09	4.654078693e-06	3.568888924e-06	0.001457652055	0.9985341178	
7.818042736e-06	0.08289876183	2.165105211e-08	0.04282277634	0.8742706221	
7.206379215e-09	0.003885305889	1.305075114e-07	0.0006747371123	0.9954398193	
9.591839319e-09	0.004544699682	1.065935928e-08	0.0007390809757	0.9947161991	
6.608844177e-09	8.829899928e-06	5.219471373e-09	0.001622256351	0.9983689019	
4.824851248e-06	5.680512711e-06	4.790330355e-07	3.136560155e-06	0.999985879	
3.883137096e-08	0.006120799961	1.848594715e-07	2.542545857e-06	0.9938764338	
7.567039608e-09	0.004907865458	6.082386504e-09	0.0008497476027	0.9942423733	
8.022403102e-09	0.006220703413	1.000463207e-08	2.216917785e-06	0.9937770616	
2.210289516e-06	4.100222768e-05	5.847410879e-08	0.008667293004	0.991289436	
6.597378011e-09	0.001545003659	5.162659866e-09	0.0004429512666	0.9980120333	
8.526954987e-05	0.1423396031	0.000151518245	1.407037117e-05	0.8574095388	
4.68914702e-06	0.05838818972	1.940945788e-08	0.05215409807	0.8894530037	
4.253020536e-09	0.002692692379	1.15120977e-07	0.0008085982094	0.99649859	
3.916076104e-09	0.002163973702	4.593218199e-09	2.622883756e-06	0.9978333949	
5.66193603e-09	0.003150281845	9.404435983e-09	0.0008858759188	0.9959638272	
3.894991623e-09	6.111079792e-06	4.597758186e-09	0.001941414675	0.9980524658	
2.844487256e-06	3.932681335e-06	4.221085209e-07	3.754840507e-06	0.9999890459	
2.293611702e-08	0.004245477223	1.631989911e-07	3.049465862e-06	0.9957512872	
4.467125731e-09	0.003402326398	5.366792121e-09	0.00101861467	0.9955790491	
4.738654456e-09	0.004314904754	8.832634772e-09	2.658997675e-06	0.9956824227	
1.300865431e-06	2.833817118e-05	5.143815839e-08	0.01035820489	0.9896121046	
3.890976684e-09	0.001070034866	4.550921701e-09	0.0005304702308	0.9983994865	
0.0002052832593	0.5024709456	8.471959389e-08	0.01769641032	0.4796272761	
4.980047353e-06	8.714683034e-05	1.323806129e-05	0.0745703688	0.9253242663	
4.351819393e-09	3.872104658e-06	7.564830638e-05	0.001113895341	0.9988065799	
4.006429762e-09	3.111324804e-06	3.017830521e-06	3.61263165e-06	0.9999902542	
5.796353033e-09	4.532379257e-06	6.182925083e-06	0.001220958761	0.9987683201	
3.973388266e-09	8.761115259e-09	3.012117869e-06	0.002666312286	0.9973306629	
2.903044907e-06	5.640602312e-09	0.0002766592785	5.159165798e-06	0.9997152729	
2.35118358e-08	6.11617808e-06	0.0001074373959	4.208512767e-06	0.9998822144	
4.574116023e-09	4.896005955e-06	3.529109493e-06	0.001404194137	0.9985873762	
4.858431187e-09	6.217262313e-06	5.815708725e-06	3.670263134e-06	0.9999842919	
1.322871978e-06	4.049899311e-08	3.35924914e-05	0.01418104287	0.9857840013	
3.975611781e-09	1.536491748e-06	2.986180556e-06	0.0007297004034	0.9992657729	
5.429722448e-05	0.000149581378	0.09261014009	2.44931844e-05	0.9071614881	
4.833106725e-06	0.07065108575	4.70113383e-07	0.03352144801	0.895822163	
4.665206587e-06	0.05952164551	1.96632851e-08	0.0001139881984	0.9403596814	
6.340787733e-06	0.08145745934	3.784689483e-08	0.03619197157	0.8823441905	
4.526425469e-06	0.0001639721132	1.920057411e-08	0.08230538357	0.9175260987	
0.003581857481	0.0001143394924	1.910062907e-06	0.0001724872083	0.9961294058	
2.589107956e-05	0.1106521794	6.620136976e-07	0.000125578453	0.8891956891	
4.945366867e-06	0.08696600233	2.135031832e-08	0.04113782765	0.8718912033	
5.340020878e-06	0.1122696377	3.576822832e-08	0.0001093117787	0.8876156747	
4.66617876e-06	0.02962810443	1.961197586e-08	0.02320731251	0.9471598973	
4.005861909e-09	0.00259871183	1.10412591e-07	1.673114602e-06	0.9973995006	
5.792449536e-09	0.00378362429	2.26092798e-07	0.0005651607488	0.9956509831	
3.988823957e-09	7.347127728e-06	1.106473817e-07	0.001239819449	0.9987527188	
2.910943146e-06	4.724760315e-06	1.015103964e-05	2.396199761e-06	0.9999798171	
2.34520744e-08	0.005096231839	3.92134913e-06	1.944405938e-06	0.994897879	
4.570085535e-09	0.004086329858	1.290231377e-07	0.0006498421451	0.9952636944	
4.84520128e-09	0.005179517323	2.122285117e-07	1.695417006e-06	0.9948185702	
1.336268878e-06	3.417390391e-05	1.241662501e-06	0.006635104586	0.9933281436	
3.981824171e-09	0.001285531353	1.094408575e-07	0.0003385215045	0.9983758337	
5.254493446e-05	0.1209219343	0.003279420293	1.097898123e-05	0.8757351215	
5.33339919e-09	0.003040614978	9.020643654e-09	1.833185647e-06	0.9969575375	
3.672441433e-09	5.903902719e-06	4.414282438e-09	4.021250041e-06	0.9999900668	
2.67677457e-06	3.792009793e-06	4.044804774e-07	7.762358913e-09	0.999993119	
2.158704625e-08	0.004094234649	1.564070901e-07	6.305093365e-09	0.9959055811	
4.20851441e-09	0.003284350552	5.148504018e-09	2.108166891e-06	0.9967135319	
4.459942643e-09	0.004161197549	8.465062043e-09	5.497770542e-09	0.995838784	
1.23694806e-06	2.760983415e-05	4.980467865e-08	2.163704795e-05	0.9999494664	
3.663627106e-09	0.001032341657	4.363325769e-09	1.097256272e-06	0.9989665531	
1.074267637e-08	0.05718576883	1.325607962e-08	2.478556232e-05	0.9427894216	
5.312429721e-09	8.599260566e-06	9.042744888e-09	0.001358874707	0.9986325117	
3.877372301e-06	5.530682819e-06	8.297076856e-07	2.626633283e-06	0.9999871356	
3.121087899e-08	0.005960313508	3.202366666e-07	2.129532721e-06	0.9940372055	
6.082684212e-09	0.004779688054	1.053778541e-08	0.0007117893045	0.994508506	
6.448057936e-09	0.00605761389	1.733132018e-08	1.856804949e-06	0.9939405055	
1.778751288e-06	3.997708822e-05	1.014228357e-07	0.007268449699	0.992689693	
5.302410826e-09	0.001504420209	8.942966241e-09	0.000370979746	0.9981245858	
6.877658231e-05	0.1390945175	0.0002634011247	1.182617827e-05	0.8605614786	
1.504095711e-08	0.08061846804	2.628330209e-08	0.008106656556	0.9112748341	
2.661773042e-06	1.070629599e-08	4.047906142e-07	5.744295911e-06	0.9999911784	
2.155400454e-08	1.160694826e-05	1.571682541e-07	4.685005767e-06	0.9999835293	
4.192134936e-09	9.28894755e-06	5.161324151e-09	0.001562770782	0.9984279309	
4.453417393e-09	1.179758276e-05	8.506833205e-09	4.085400119e-06	0.9999841041	
1.210692276e-06	7.672849453e-08	4.905983634e-08	0.01576028895	0.9842383746	
1.570993536e-05	7.454831208e-06	1.440097131e-05	9.043411228e-09	0.9999624252	
3.060332983e-06	5.975486623e-06	4.736691427e-07	3.021373632e-06	0.9999874691	
3.24601749e-06	7.577463017e-06	7.794816589e-07	7.886199763e-09	0.9999883892	
0.0008957451209	5.002426251e-08	4.563071805e-06	3.088094465e-05	0.9990687608	
2.658111249e-06	1.873998553e-06	4.00528756e-07	1.569023844e-06	0.9999934983	
0.03794526822	0.0001906897552	0.01298335679	5.504793368e-08	0.9488806302	
2.607130924e-08	0.008148124676	3.001893865e-07	6.379639485e-09	0.9918515427	
2.148098368e-08	0.002027552545	1.552001586e-07	1.277105965e-06	0.9979709937	
0.0002646670857	0.178070314	0.004342169249	3.867227382e-08	0.817322811	
5.08684284e-09	0.006541605107	9.889397551e-09	2.134811269e-06	0.9934562451	
1.402396813e-06	4.31449722e-05	5.783759665e-08	0.008351630853	0.9916037639	
4.184346666e-09	0.001625125069	5.104517262e-09	0.0004266564312	0.9979482092	
5.369011475e-05	0.1486370578	0.0001487271198	1.345463668e-05	0.8511470703	
1.499962223e-06	5.517063376e-05	9.59772447e-08	2.198172962e-05	0.9999212517	
4.438181175e-09	0.00206078428	8.400026971e-09	1.113619512e-06	0.9979380893	
5.476086863e-05	0.1812472687	0.0002353503228	3.376985046e-08	0.8184625864	
1.232373998e-08	0.1081018971	2.416653669e-08	2.382120939e-05	0.8918742452	
1.223017828e-06	1.35857484e-05	4.910506022e-08	0.004354655469	0.9956304867	
3.45237117e-06	0.0007244885797	1.436174387e-07	0.09469520071	0.9045767147	
0.02871862254	1.816876668e-07	0.0002511803351	0.9706015787	0.000428436713	
0.02785656028	1.681346049e-07	2.808625182e-07	0.9679126473	0.004230343463	
0.02565948755	1.923286206e-07	0.000617763962	0.973001667	0.000720889134	
0.03297015755	2.247702758e-07	0.001050899396	0.9654295928	0.0005491254724	
0.2562178491	9.183139837e-05	0.7436414262	2.377403833e-08	4.886944938e-05	
0.1293406688	7.607041287e-05	0.8705418351	2.013002809e-08	4.140553697e-05	
0.2870444161	9.290850712e-05	0.7128119698	2.465884758e-08	5.068099813e-05	
0.7595468757	0.03817639915	0.2021976153	3.866071176e-08	7.907114375e-05	
1.893949297e-08	0.8369854175	4.972836548e-05	0.162848905	0.0001159301775	
3.771529273e-06	0.9815080753	1.431483748e-08	0.0183971242	9.101465436e-05	
5.14266768e-06	0.9871347459	1.436170934e-08	0.01277464844	8.544867038e-05	
1.188909923e-08	0.9649802057	1.47103691e-08	0.03492375657	9.60110807e-05	
0.0001961410771	0.002689287589	8.122752621e-08	0.9968014297	0.0003130603925	
6.869643836e-06	0.9743994726	1.527323641e-08	0.02551637442	7.726804252e-05	
1.330941491e-05	0.9854737633	1.510977829e-08	0.01442462716	8.82849668e-05	
9.768806965e-07	0.9728901924	1.430702306e-08	0.02702323213	8.558426109e-05	
1.053762955e-05	0.9888332064	9.928434653e-09	0.01115623471	1.132944767e-08	
8.323708066e-06	0.9999762826	8.504139854e-09	1.537471462e-05	1.046886058e-08	
2.356764137e-06	0.9911111382	8.430681908e-09	0.008886483912	1.270475192e-08	
3.204059541e-06	0.9938444055	8.433267841e-09	0.006152370126	1.18925135e-08	
7.493559696e-09	0.9853253314	8.464829934e-09	0.01467464206	1.054253886e-08	
7.494564617e-09	0.9829823123	8.739743169e-09	0.01701765793	1.351994864e-08	
0.0002530614521	0.005606922191	9.877301506e-08	0.9941398274	9.022809587e-08	
9.404692251e-06	0.9931372756	8.968953004e-09	0.006853299722	1.104735355e-08	
4.412117206e-07	0.9844482145	8.775429195e-09	0.0155513249	1.06258899e-08	
4.308826577e-06	0.9876240921	9.028872322e-09	0.01237157922	1.082632177e-08	
8.299466688e-06	0.9930385998	8.880286098e-09	0.006953079567	1.229799202e-08	
6.132183469e-07	0.9868866615	8.464484874e-09	0.01311270481	1.200117433e-08	
1.846458396e-06	0.9864966895	8.591518266e-09	0.01350144481	1.062572178e-08	
1.833680574e-05	0.9402564058	3.77525336e-05	0.05968748589	1.899143927e-08	
0.01145971241	0.9885299006	9.740835538e-09	1.036634526e-05	1.091707039e-08	
0.003280768271	0.9906609037	9.764074339e-09	0.006058304826	1.339600928e-08	
0.004451144391	0.9913630641	9.747111564e-09	0.004185769281	1.251395455e-08	
1.048507254e-05	0.9899337892	9.853952031e-09	0.01005570472	1.117321856e-08	
1.049433298e-05	0.9883195055	1.018160022e-08	0.01166997561	1.433947624e-08	
0.3401577254	0.005411555342	1.104591234e-07	0.6544305169	9.186412671e-08	
0.01295654108	0.9824195636	1.028004876e-08	0.00462387346	1.152796253e-08	
0.0006171469464	0.9887298625	1.021218911e-08	0.01065296905	1.125788145e-08	
0.005988536752	0.9855907341	1.044008788e-08	0.008420707305	1.139704992e-08	
0.01145169107	0.9838497953	1.019425127e-08	0.004698490616	1.2852969e-08	
0.0008568687415	0.9901697884	9.840306635e-09	0.008973320336	1.270201789e-08	
0.002575996327	0.9881993795	9.97205279e-09	0.009224603013	1.122829899e-08	
0.998378557	0.000918057419	0.0006149232775	8.833894418e-05	1.233760575e-07	
1.271381339e-08	0.9112082202	3.239758653e-05	0.08875934741	2.20939237e-08	
8.269741986e-05	0.001001228019	7.053242871e-05	0.9988455137	2.840378001e-08	
1.6681199e-05	0.9625747351	3.476233869e-05	0.03737380252	1.887597143e-08	
7.532099376e-07	0.9183418531	3.273572252e-05	0.08162464052	1.747441704e-08	
7.458088742e-06	0.9341200817	3.414967753e-05	0.06583829245	1.805168915e-08	
1.47142836e-05	0.9620498306	3.440332812e-05	0.0379010308	2.100349303e-08	
0.0001495140943	0.02426843926	0.401319595	0.5742624102	4.146850507e-08	
1.705821574e-08	8.885727853e-05	0.1059844413	0.8939266627	2.159481644e-08	
1.935668841e-08	9.868778529e-05	0.2302341499	0.7696671192	2.378330578e-08	
0.000153828987	0.0001924497177	0.6452528261	0.3544008491	4.611056163e-08	
0.002580074223	0.9974115928	8.326517893e-09	8.312339494e-06	1.232391938e-08	
0.003494807532	0.9964994389	8.298569129e-09	5.733797811e-06	1.149378102e-08	
8.272998285e-06	0.9999778656	8.430971813e-09	1.38426588e-05	1.031303648e-08	
8.293810901e-06	0.9999755931	8.725514176e-09	1.609106337e-05	1.325712475e-08	
0.9768252026	0.01989534001	3.439646476e-07	0.003278804843	3.086023531e-07	
0.01019636981	0.9897972622	8.772580763e-09	6.348599782e-06	1.061269842e-08	
0.0004873041601	0.999498001	8.743918116e-09	1.467566223e-05	1.039884178e-08	
0.004723566339	0.9952648261	8.929541359e-09	1.158813056e-05	1.051619222e-08	
0.009009788771	0.9909837413	8.697131131e-09	6.449393225e-06	1.182946792e-08	
0.0006754808727	0.9993121575	8.411686653e-09	1.234148544e-05	1.171354205e-08	
0.002031978044	0.9979553079	8.529705547e-09	1.26951245e-05	1.036106756e-08	
0.0009975267528	0.9956615216	8.293493983e-09	0.003340929244	1.406150157e-08	
2.344478669e-06	0.9919895901	8.365540721e-09	0.008008044546	1.252672078e-08	
2.347328808e-06	0.990700942	8.646569903e-09	0.009296685929	1.608187324e-08	
0.1262088046	0.008998239308	1.556035978e-07	0.8647926296	1.708990003e-07	
0.002923298028	0.993361079	8.806187322e-09	0.003715601075	1.304129835e-08	
0.0001380771997	0.9913731626	8.674829798e-09	0.008488738868	1.26291556e-08	
0.001344852521	0.9919200631	8.901574369e-09	0.006735062598	1.283307256e-08	
0.002580758054	0.993648057	8.722515085e-09	0.003771161694	1.452330255e-08	
0.0001916808123	0.9926591099	8.357602284e-09	0.007149186639	1.42469309e-08	
0.0005770506423	0.9920633065	8.48129142e-09	0.007359621792	1.261150496e-08	
3.186488326e-06	0.9944541037	8.365825409e-09	0.005542689689	1.172266759e-08	
3.191638485e-06	0.9935596001	8.650323605e-09	0.006437184585	1.505564639e-08	
0.2201680144	0.011578004	1.997252347e-07	0.7682535766	2.052707654e-07	
0.003963778506	0.9934705742	8.785630567e-09	0.002565626326	1.217531265e-08	
0.0001876859586	0.9939363039	8.675999292e-09	0.005875989685	1.18197185e-08	
0.001826254717	0.9935161868	8.894104889e-09	0.004657537544	1.199886994e-08	
0.003499806099	0.9938958184	8.703364145e-09	0.002604353213	1.356079291e-08	
0.0002604351664	0.9947929561	8.355095512e-09	0.004946587083	1.332801001e-08	
0.0007839774951	0.9941241804	8.478136146e-09	0.005091821876	1.179721758e-08	
0.009855679965	0.9882665868	2.881343828e-07	0.001877431473	1.360607487e-08	
7.461547624e-09	0.9846520814	8.679252566e-09	0.01534788913	1.334131357e-08	
0.000279176459	0.006223460267	1.086906682e-07	0.9934971559	9.865875585e-08	
9.353770559e-06	0.9938160353	8.897848803e-09	0.006174591153	1.089033954e-08	
4.392036968e-07	0.9859761618	8.713416263e-09	0.01402337984	1.04839587e-08	
4.287855778e-06	0.9888431817	8.962224437e-09	0.01115251078	1.067832485e-08	
8.254611314e-06	0.9937271728	8.80997243e-09	0.006264551705	1.212332346e-08	
6.102789627e-07	0.9881778881	8.402624225e-09	0.01182148133	1.183799214e-08	
1.837678927e-06	0.9878257294	8.529060116e-09	0.01217241388	1.048164852e-08	
2.341791063e-05	0.9954267818	2.938267876e-07	0.004549494187	1.2254014e-08	
0.0002409901473	0.005358709718	9.685787743e-08	0.9944000941	1.092012781e-07	
9.367927794e-06	0.9928202802	9.199496102e-09	0.007170328687	1.398523719e-08	
4.393089567e-07	0.9837354095	8.997352362e-09	0.01626412878	1.344624334e-08	
4.290879703e-06	0.9870551325	9.258575691e-09	0.01294055364	1.370190312e-08	
8.266984278e-06	0.9927170179	9.10850768e-09	0.007274690438	1.556839243e-08	
6.106431229e-07	0.9862840751	8.679530009e-09	0.0137152904	1.518828411e-08	
1.838670879e-06	0.9858764999	8.809631332e-09	0.01412163912	1.34473141e-08	
0.4269610053	0.007643892245	1.403358956e-07	0.5653948361	1.259800213e-07	
0.0152835746	0.005781392119	1.047682441e-07	0.9789348361	9.245768455e-08	
0.1598336033	0.006211012466	1.154319376e-07	0.833955168	1.008764539e-07	
0.3932812709	0.007977758006	1.45031866e-07	0.5987406797	1.46381801e-07	
0.02491819508	0.006798770332	1.18545582e-07	0.9682827935	1.224968686e-07	
0.06954943788	0.006299576869	1.115340349e-07	0.9241507732	1.005338557e-07	
0.9994501663	0.0001421268564	3.370779748e-08	0.0004076459238	2.719603032e-08	
0.0005507245913	0.9929059531	9.224100756e-09	0.006543302093	1.097615949e-08	
0.005342560568	0.989486619	9.427405645e-09	0.00517079986	1.110884837e-08	
0.01020783266	0.986909424	9.197685524e-09	0.002882721605	1.251743172e-08	
0.0007641654972	0.9937276511	8.882619549e-09	0.005508162166	1.237638179e-08	
0.002297970101	0.9920379578	9.004155944e-09	0.005664052114	1.094361878e-08	
0.5960029674	0.4039518376	4.911368246e-08	4.509247169e-05	5.343067513e-08	
0.0002524551234	0.9879291522	9.290756864e-09	0.01181837265	1.076238143e-08	
0.0004860373514	0.9928749206	9.133533508e-09	0.006639020716	1.221957051e-08	
3.593744935e-05	0.987434599	8.712144146e-09	0.01252944286	1.193323326e-08	
0.0001082052639	0.9869915745	8.842421005e-09	0.01290020085	1.056500185e-08	
0.00471778143	0.9900326965	9.340285872e-09	0.005249500322	1.237450278e-08	
0.0003506321679	0.9896911193	8.955353433e-09	0.009958227383	1.214692309e-08	
0.001055143701	0.9886976305	9.084218717e-09	0.01024720598	1.074821746e-08	
0.4046253573	0.5952538717	7.326296809e-08	0.0001206201055	7.758961329e-08	
0.0006744349641	0.9937365793	8.795759078e-09	0.005588963147	1.377896847e-08	
0.002028496507	0.9922233203	8.917692859e-09	0.005748162104	1.218600082e-08	
0.5655992622	0.4343514248	5.229287535e-08	4.919674049e-05	6.396191098e-08	
0.0001503193903	0.9889773989	8.525146942e-09	0.01087226127	1.192687117e-08	
0.8465312112	1.904421282e-08	0.1531113247	0.0003574085322	3.649062691e-08	
0.9993573883	2.144907933e-08	0.0002083672372	0.0004337845268	4.38514789e-07	
0.5320303099	1.458205783e-06	0.4678867801	8.143351409e-05	1.825104209e-08	
0.9994298819	1.931307518e-08	0.0001969410787	0.0003731229361	3.477997949e-08	
0.9992827543	2.306945104e-08	0.0002329195899	0.0004842614974	4.158140638e-08	
0.0002564349337	2.207660363e-08	0.9993371659	0.0004063381592	3.897026825e-08	
0.0002903997161	2.397192071e-08	0.9992318059	0.0004777271096	4.334262173e-08	
0.2123566477	2.191415571e-08	0.7872246718	0.0004186192103	3.944704852e-08	
0.4211569034	8.897044247e-09	0.5788044052	3.866687226e-05	1.561425265e-08	
0.6674030813	1.778862395e-08	0.3322806929	0.0003161537709	5.417812673e-08	
0.6025863854	1.46081554e-08	0.3971931447	0.0002204263213	2.899914271e-08	
0.6541111794	1.521616096e-08	0.3456483163	0.0002404615322	2.751662301e-08	
0.1504430441	6.528488576e-09	9.773602587e-06	0.8495470345	1.412183141e-07	
0.3062517596	1.697124652e-06	0.08391835265	0.6098281682	2.247425878e-08	
3.596607265e-05	6.396285771e-09	0.0228124356	0.9771515799	1.204701555e-08	
0.1707361652	6.670790961e-09	1.048294875e-05	0.8292533325	1.271036455e-08	
0.1368997337	6.390048865e-09	9.942467621e-06	0.8630903052	1.218621617e-08	
4.580906954e-05	7.973688232e-09	0.05562375193	0.9443304161	1.489234781e-08	
4.449447695e-05	7.426179784e-09	0.04770348692	0.952251997	1.420628715e-08	
0.3812958389	1.628608137e-08	0.1632765921	0.4554275225	3.024090871e-08	
0.1454539829	3.156037896e-05	6.687215218e-05	0.8544475679	1.66088449e-08	
0.136652238	7.364166574e-09	0.02119862079	0.8421491102	2.373056173e-08	
0.1676649597	8.218093571e-09	0.03443488964	0.7979001252	1.726090831e-08	
0.16814746	7.90854411e-09	0.0276851667	0.8041673503	1.513175727e-08	
0.3281355074	1.734826925e-06	0.0001036515621	0.6717588611	2.451235737e-07	
3.579915855e-05	6.074009086e-09	2.617554447e-05	0.9999378972	1.220630844e-07	
0.1668512552	6.219408228e-09	1.180950474e-08	0.8331486003	1.264407402e-07	
0.1336605113	5.95213086e-09	1.119022881e-08	0.8663393504	1.211140313e-07	
4.544422775e-05	7.236121623e-09	5.616516175e-05	0.9998982357	1.47699246e-07	
0.03653971432	7.273517948e-09	4.865373748e-05	0.9634114769	1.478067818e-07	
0.1420541097	2.940615018e-05	7.52866117e-08	0.8579162437	1.651173392e-07	
0.136313865	7.008331942e-09	2.437671367e-05	0.8636615103	2.409663333e-07	
0.1696982385	7.935492473e-09	4.017704464e-05	0.8302613987	1.778376613e-07	
0.1690032521	7.583489126e-09	3.207717843e-05	0.8309645084	1.548171912e-07	
7.731235327e-05	1.675120773e-06	0.2384336746	0.7614873173	2.060859044e-08	
0.3621758989	1.723986043e-06	0.0001081228655	0.6377142328	2.145680098e-08	
7.474712521e-05	1.585129194e-06	0.4413095887	0.5586140597	1.933833754e-08	
7.708491387e-05	1.567440755e-06	0.4018402836	0.5980810445	1.958649909e-08	
0.06283911959	1.597364661e-06	0.3529205486	0.5842387146	1.987225631e-08	
0.250723439	1.646130194e-06	0.1891149465	0.5601599337	3.464967363e-08	
0.2685383065	1.603605026e-06	0.2681653695	0.4632946984	2.200090393e-08	
0.2829351132	1.621270454e-06	0.2265081017	0.4905551436	2.026277142e-08	
0.8106353713	0.07784172679	0.01106018507	0.10046263	8.680936907e-08	
4.162198874e-05	6.358237098e-09	2.876213425e-05	0.9999295983	1.12550628e-08	
3.206536257e-05	5.851939306e-09	2.621006384e-05	0.9999417084	1.036800124e-08	
8.648071228e-09	5.885578013e-09	0.1181866462	0.8818133291	1.021230011e-08	
8.479873136e-09	5.533638581e-09	0.1023231064	0.8976768697	9.834594305e-09	
7.150314995e-06	5.833092282e-09	0.0929549046	0.9070379289	1.032100365e-08	
9.32094594e-05	1.556598495e-08	0.4492232159	0.5506835322	2.685253996e-08	
3.440728043e-05	2.918965896e-05	0.0001780370426	0.9997583517	1.427107767e-08	
3.102708144e-05	6.53747232e-09	0.05417165765	0.9457972892	1.957153131e-08	
3.868219936e-05	7.413136794e-09	0.08941448662	0.9105468093	1.446522212e-08	
3.920019468e-05	7.208693096e-09	0.07264159933	0.9273191805	1.28138575e-08	
0.1520952774	6.098125456e-09	1.20344696e-08	0.8479046935	1.093001217e-08	
5.485225266e-05	8.201273547e-09	7.256428489e-05	0.9998725609	1.43960985e-08	
5.283561634e-05	7.574695531e-09	6.171495839e-05	0.9998854282	1.361883326e-08	
0.04223214061	7.568916866e-09	5.314587128e-05	0.9577146924	1.354833364e-08	
0.4862301573	1.783920416e-08	0.0002268419626	0.5135429518	3.113245037e-08	
0.1614306133	3.00871837e-05	8.08584147e-08	0.8385392038	1.488121358e-08	
0.1550487436	7.177185253e-09	2.620467345e-05	0.8449250228	2.173692782e-08	
0.1920011172	8.083725885e-09	4.296153453e-05	0.8079558972	1.595745889e-08	
0.1912359741	7.726002992e-09	3.430410295e-05	0.8087297002	1.389335999e-08	
4.225818138e-05	7.548269538e-09	6.61260981e-05	0.9998915949	1.326156978e-08	
4.07045065e-05	6.971571144e-09	5.623928603e-05	0.9999030367	1.254554142e-08	
0.03285376809	7.034376258e-09	4.890409943e-05	0.9670973082	1.260264681e-08	
0.4216707793	1.848233586e-08	0.0002326958583	0.578096474	3.228335858e-08	
0.1291513341	2.875704817e-05	7.65194544e-08	0.8708198181	1.423590694e-08	
0.1238570746	6.84946246e-09	2.476081646e-05	0.876118137	2.076273305e-08	
0.1547372408	7.783096913e-09	4.095477275e-05	0.8452217812	1.537760204e-08	
0.1540921532	7.437304631e-09	3.269570007e-05	0.8458751302	1.338603668e-08	
9.669113958e-09	6.17562694e-09	0.2233578448	0.7766421284	1.088376157e-08	
8.254982088e-06	6.591173546e-09	0.2054439898	0.794547737	1.156480033e-08	
7.293858507e-05	1.192193885e-08	0.6729607081	0.326966321	2.039426053e-08	
3.77748647e-05	7.790131585e-09	0.1262595646	0.8737026296	2.312661364e-08	
4.486984195e-05	8.416244308e-09	0.1985552792	0.8013998263	1.628522391e-08	
4.651655969e-05	8.372378203e-09	0.1650193724	0.8349340879	1.475789784e-08	
8.203387573e-06	6.280459436e-09	0.1802626481	0.819729131	1.12869868e-08	
7.811672601e-05	1.224292423e-08	0.6363728129	0.3635490367	2.145148909e-08	
3.708579765e-05	7.333327376e-09	0.1094470864	0.8905157982	2.22986995e-08	
4.454212882e-05	8.01099271e-09	0.17403359	0.825921844	1.587716459e-08	
4.593941357e-05	7.928267063e-09	0.1438957613	0.856058277	1.43141361e-08	
0.06513161336	1.27610145e-08	0.571639452	0.3632288996	2.226049981e-08	
0.03516393245	3.499877629e-05	0.0003313489634	0.9644697025	1.730300576e-08	
0.03034558091	7.501379581e-09	0.09648389111	0.8731704978	2.270894872e-08	
0.03645761128	8.197016594e-09	0.153466325	0.8100760394	1.617408982e-08	
0.03744678801	8.079037675e-09	0.1263688113	0.8361843781	1.452191635e-08	
0.2841832858	1.438093627e-08	0.3349754303	0.3808412271	4.244521426e-08	
0.2781321621	1.280152652e-08	0.4340414076	0.2878263929	2.462699813e-08	
0.3038537502	1.342000279e-08	0.3801412489	0.316004964	2.351811905e-08	
0.2091024069	0.7090594999	1.55718331e-07	0.08182607377	1.186368992e-05	
0.2465829953	0.7339768059	1.606158521e-07	0.01944000465	3.350284348e-08	
0.1512930229	0.8427386964	1.583123376e-07	0.005968088067	3.435846837e-08	
0.1951045367	0.7335601351	4.466275796e-06	0.07133082934	3.250988588e-08	
0.1448275494	8.41034964e-09	0.08187666218	0.7732957519	2.807824418e-08	
0.1466460061	8.171665206e-09	0.06646295279	0.7868910081	2.48523077e-08	
0.1741056922	8.824197377e-09	0.1044691092	0.7214251723	1.749200204e-08	
0.007787153399	0.9922059053	1.350308793e-08	6.475368423e-06	4.523989003e-07	
0.8350119398	0.1647717246	9.058329278e-08	0.0002133261533	2.918826149e-06	
0.05021232511	0.9497784306	1.070010643e-08	4.516957169e-06	4.716613381e-06	
0.04755375697	0.952446121	1.006278771e-08	9.970835968e-08	1.22429681e-08	
0.05680585203	0.9431930951	1.058803619e-08	1.029506939e-06	1.277823333e-08	
0.02735928759	0.9726391846	9.294118152e-09	1.506806765e-06	1.171880045e-08	
0.03118031235	0.9688193838	9.336269505e-09	2.827481314e-07	1.172342605e-08	
0.04551059909	0.9544852653	2.981177115e-07	3.824946958e-06	1.255508973e-08	
1.957934585e-05	0.9999674022	9.592748928e-09	1.299739039e-05	1.144870239e-08	
0.4130378384	0.3224525759	2.529906324e-07	0.2642929134	0.0002164193204	
0.01314522993	0.9837079181	1.581630881e-08	0.002961747906	0.0001850882208	
0.01246187181	0.9874721877	1.488935688e-08	6.544466962e-05	4.809232912e-07	
4.8593851e-06	0.9906070855	1.308509023e-08	0.00938760681	4.351858544e-07	
0.01498473908	0.9843345508	1.576996421e-08	0.0006801890679	5.052630837e-07	
0.007052891346	0.9919737512	1.352788122e-08	0.0009728911048	4.528310677e-07	
0.008067764217	0.9917485289	1.36397151e-08	0.0001832385059	4.546926471e-07	
0.0118786421	0.9856199442	4.393404668e-07	0.002500483105	4.912071874e-07	
4.908682778e-06	0.9918331995	1.357903946e-08	0.008161447949	4.302428899e-07	
0.8431955227	0.09772219113	6.34696777e-08	0.05836787177	0.0007143509352	
0.8894154851	0.109147352	6.648113096e-08	0.001435031222	2.06523725e-06	
0.001098611461	0.346841585	1.85071942e-07	0.6520536986	5.919844654e-06	
0.8963138274	0.09118440421	5.901231762e-08	0.01249989089	1.818449361e-06	
0.7935215402	0.1728457206	9.521872477e-08	0.03362957842	3.065494027e-06	
0.8351715284	0.1589977478	8.833419076e-08	0.005827803348	2.832129754e-06	
0.8380967346	0.1076970378	1.939231293e-06	0.05420220308	2.085282008e-06	
0.001212487585	0.3794179728	2.098371777e-07	0.6193629354	6.394384803e-06	
0.07834555358	0.9216050366	1.150351103e-08	4.450975882e-05	4.888594566e-06	
3.281601403e-05	0.9931042349	1.085937004e-08	0.006858186475	4.751781006e-06	
0.09296520694	0.9065732022	1.202334648e-08	0.0004565105199	5.068342549e-06	
0.05194407911	0.9479235476	1.079223896e-08	0.0001276290343	4.733451387e-06	
0.07495915184	0.9233285028	3.407081114e-07	0.001706992756	5.01186905e-06	
3.313786893e-05	0.9940017367	1.126554116e-08	0.005960417915	4.696241771e-06	
0.9408851277	0.05905021294	3.892053762e-05	1.232123156e-05	1.341759658e-05	
3.12009493e-05	0.9998167908	1.025279615e-08	0.0001519855733	1.238284206e-08	
0.08829265528	0.9116972145	1.1339273e-08	1.010569123e-05	1.319325736e-08	
0.04327287514	0.9567120511	1.012878729e-08	1.50512918e-05	1.231243205e-08	
0.04920451331	0.9507926463	1.015163871e-08	2.817925257e-06	1.228934533e-08	
0.07120749088	0.9287543789	3.213950647e-07	3.779582195e-05	1.304916347e-08	
3.147913698e-05	0.9998365247	1.062688576e-08	0.0001319732921	1.222730164e-08	
0.937649544	0.06231161738	3.851576117e-05	2.861996907e-07	3.664887184e-08	
3.758298768e-05	0.9983799966	1.087814088e-08	0.00158239653	1.303225832e-08	
1.754173268e-05	0.9977379711	9.253732295e-09	0.002244466283	1.158247856e-08	
2.010702677e-05	0.9995562729	9.349358498e-09	0.0004235990317	1.165393483e-08	
2.962875876e-05	0.9941849137	3.013906136e-07	0.005785143591	1.260002388e-08	
1.2011434e-08	0.9814757167	9.138623759e-09	0.01852425137	1.082688663e-08	
0.05173009549	0.9481143594	1.06653188e-08	0.0001555216181	1.286018533e-08	
0.05875647663	0.9412144148	1.067765342e-08	2.908504476e-05	1.282198913e-08	
3.792521958e-05	0.998587753	1.127717086e-08	0.001374297635	1.287098442e-08	
0.9477506713	0.0522125049	3.42910593e-05	2.500415464e-06	3.236607351e-08	
0.0283287891	0.9716285751	9.38272855e-09	4.2614616e-05	1.177140519e-08	
1.770301522e-05	0.9980328061	9.594014383e-09	0.001949469813	1.144014534e-08	
2.028702869e-05	0.9996118558	9.69083233e-09	0.000367835991	1.150796295e-08	
2.991512118e-05	0.9949426297	3.126192453e-07	0.005027130115	1.245099215e-08	
0.9982048024	1.485801567e-08	0.001794608869	2.100414959e-08	5.528669508e-07	
0.9993223039	8.404693146e-09	0.0006773772576	1.137573744e-08	2.990309259e-07	
0.9994803211	7.092848096e-09	0.0005193986377	1.001383181e-08	2.631600542e-07	
0.9995758359	6.50876383e-09	0.0004239068672	9.190759978e-09	2.415613078e-07	
0.9999951825	4.595854174e-06	5.314342178e-08	1.13644371e-08	1.571216819e-07	
0.9993970318	7.602338174e-09	0.0006026678436	1.073155885e-08	2.820191223e-07	
0.9994572656	7.233535072e-09	0.0005424485879	1.021250679e-08	2.683791995e-07	
0.9984300319	1.377947819e-08	0.001569433855	1.906370532e-08	5.014451265e-07	
0.9994200831	7.590823897e-09	0.0005796219054	1.053300153e-08	2.768385648e-07	
0.9994695253	7.158715834e-09	0.0005301918543	1.010686201e-08	2.656051318e-07	
0.9993163032	8.092390019e-09	0.0006833769466	1.142721347e-08	3.003496173e-07	
0.9995978567	7.014095274e-09	0.0004018905921	9.14443967e-09	2.365401046e-07	
0.9999364834	1.179362353e-06	6.216768548e-05	6.244074552e-09	1.633120813e-07	
0.9947698918	3.573209973e-08	0.005195848271	5.051316603e-08	3.417365417e-05	
0.2151230075	6.864002973e-09	0.7848769644	9.297371801e-09	1.193974589e-08	
0.2633551831	7.090267196e-09	0.736644787	1.001768274e-08	1.286131241e-08	
0.3046294465	7.525389216e-09	0.6953705216	1.063425122e-08	1.365466982e-08	
0.2355235918	6.79700932e-09	0.7644763795	9.601929891e-09	1.232743199e-08	
0.2550140114	7.002042225e-09	0.744985959	9.893080207e-09	1.270124708e-08	
0.1056985112	5.534244305e-09	0.8943014657	7.662278077e-09	9.846283758e-09	
0.242620342	6.991049466e-09	0.7573796288	9.708019594e-09	1.246531982e-08	
0.259382542	7.048239116e-09	0.7406174282	9.958338397e-09	1.27851358e-08	
0.213636823	6.563330357e-09	0.7863631493	9.274976908e-09	1.19096204e-08	
0.31604817	8.413446645e-09	0.6839517967	1.097701914e-08	1.387172423e-08	
0.03434766146	4.680663278e-09	0.9656521084	6.621837056e-09	2.188586217e-07	
0.4867107952	7.404007245e-09	0.5132891745	1.001578317e-08	1.28417422e-08	
0.5374507548	7.501893367e-09	0.4625492146	1.01499112e-08	1.301540088e-08	
0.9998822739	9.85068987e-06	0.0001078363161	2.33392438e-08	1.574324773e-08	
0.4496840849	7.332736709e-09	0.5503158851	9.917910019e-09	1.271613902e-08	
0.4758652596	7.382777965e-09	0.5241347102	9.987114276e-09	1.280489061e-08	
0.2386637851	7.060754392e-09	0.7613361865	9.359746673e-09	1.201156378e-08	
0.4593563915	7.478940055e-09	0.5406435783	9.94355611e-09	1.275074408e-08	
0.4815715025	7.393937765e-09	0.5184284673	1.000219803e-08	1.282433732e-08	
0.418798314	7.269896076e-09	0.5812016563	9.836264133e-09	1.261351951e-08	
0.5506853127	8.283221652e-09	0.4493146557	1.034720769e-08	1.30584073e-08	
0.08620822455	6.637951135e-09	0.913791463	8.991218432e-09	2.967732395e-07	
0.6024775284	7.095829837e-09	0.3975224417	1.001420516e-08	1.283792752e-08	
0.9999089778	8.312054358e-06	8.267575492e-05	2.054236516e-08	1.38529135e-08	
0.5159364984	7.098800244e-09	0.4840634716	1.001523084e-08	1.283746274e-08	
0.5421747365	7.097496936e-09	0.4578252336	1.001491717e-08	1.283708284e-08	
0.2902223362	7.244785712e-09	0.7097776337	1.001752581e-08	1.285224678e-08	
0.5256726182	7.221638988e-09	0.4743273517	1.001519447e-08	1.283915126e-08	
0.5478450098	7.097458331e-09	0.4521549603	1.001484992e-08	1.283710396e-08	
0.4845065657	7.096644895e-09	0.5154934044	1.001560043e-08	1.284003536e-08	
0.6151836925	7.807836917e-09	0.3848162766	1.017364439e-08	1.283591185e-08	
0.9118001712	1.945154446e-06	0.08819786025	1.029284163e-08	1.313070402e-08	
0.1095718036	7.118922916e-09	0.8904278473	1.005821058e-08	3.319021315e-07	
0.9999248711	7.626962852e-06	6.747038944e-05	1.885241444e-08	1.27149287e-08	
0.5663614298	7.150208841e-09	0.43363854	1.008946207e-08	1.293428773e-08	
0.5920277136	7.111223482e-09	0.4079722564	1.003597919e-08	1.286574703e-08	
0.333799311	7.645686739e-09	0.6662006572	1.057364445e-08	1.356749162e-08	
0.5759169867	7.259666334e-09	0.424082983	1.006963085e-08	1.29106097e-08	
0.5975388778	7.103095636e-09	0.4024610922	1.002449568e-08	1.285113303e-08	
0.5352563596	7.193687989e-09	0.46474361	1.015427194e-08	1.301949962e-08	
0.6620421993	7.7098858e-09	0.3379577703	1.004770884e-08	1.267866386e-08	
0.9268355509	1.814234653e-06	0.07316261304	9.601695648e-09	1.225058788e-08	
0.1310315161	7.811377015e-09	0.8689681007	1.103843006e-08	3.642947403e-07	
0.9998951165	8.909740847e-06	9.593687204e-05	2.201623923e-08	1.484669832e-08	
0.9999051414	8.477087369e-06	8.634641242e-05	2.095032972e-08	1.412792434e-08	
0.9998988013	8.89607401e-06	9.226647068e-05	2.160847187e-08	1.457368908e-08	
0.9999071814	8.3893198e-06	8.439453505e-05	2.073339393e-08	1.398174985e-08	
0.999881684	9.484707491e-06	0.0001087920367	2.344498249e-08	1.581275923e-08	
0.9999277849	8.21895261e-06	6.396498505e-05	1.875704201e-08	1.245039241e-08	
0.5050805479	7.087438403e-09	0.4949194222	9.999250279e-09	1.281688512e-08	
0.2605556948	6.97200995e-09	0.7394442762	9.638932018e-09	1.236640808e-08	
0.4885027765	7.193664395e-09	0.5114971935	9.974928209e-09	1.278741554e-08	
0.5107957065	7.093410565e-09	0.4892042635	1.000766329e-08	1.282777602e-08	
0.4475013477	7.026037659e-09	0.5524986226	9.914490076e-09	1.271029653e-08	
0.5794161161	7.882776399e-09	0.4205838528	1.026977717e-08	1.295708369e-08	
0.8990796167	2.05596298e-06	0.1009183026	1.087758497e-08	1.387654269e-08	
0.09587691913	6.677167454e-09	0.9041227535	9.432671168e-09	3.112576849e-07	
0.2813552243	7.162912486e-09	0.7186447459	9.904366526e-09	1.270697309e-08	
0.5148296882	7.213133205e-09	0.4851702817	1.000344751e-08	1.282399817e-08	
0.5370625689	7.095940693e-09	0.4629374012	1.001275764e-08	1.28343281e-08	
0.4736648218	7.075619827e-09	0.5263351484	9.985976481e-09	1.280196363e-08	
0.6048488188	7.82911562e-09	0.3951511503	1.020142073e-08	1.287086255e-08	
0.9082432891	1.976043811e-06	0.0917547111	1.045634497e-08	1.333918956e-08	
0.1054044289	6.984161769e-09	0.8945952287	9.86785721e-09	3.256184425e-07	
0.2681421479	7.163977729e-09	0.7318578228	9.735824803e-09	1.249240638e-08	
0.2860017625	7.205806168e-09	0.7139982075	9.963664153e-09	1.278315684e-08	
0.2370640896	6.752862467e-09	0.7629358823	9.339136673e-09	1.198374019e-08	
0.3457677508	8.534520555e-09	0.654232216	1.089732388e-08	1.376152159e-08	
0.03909157324	4.939322163e-09	0.9609081891	6.838623553e-09	2.258678612e-07	
0.5205391364	7.217602518e-09	0.4794608336	1.000963296e-08	1.283203492e-08	
0.4571657075	7.166737315e-09	0.5428342627	9.940975411e-09	1.274597307e-08	
0.5888928153	7.999385151e-09	0.4111071535	1.024438814e-08	1.292679806e-08	
0.9025647303	2.060759032e-06	0.09743318455	1.071746342e-08	1.367412351e-08	
0.09931249544	6.905796988e-09	0.9006871716	9.589673877e-09	3.164812046e-07	
0.479368811	7.086672086e-09	0.5206311591	1.000156202e-08	1.282205139e-08	
0.6103007924	7.817880152e-09	0.3896991768	1.01867678e-08	1.285248279e-08	
0.9101312076	1.959645806e-06	0.08986680914	1.036956079e-08	1.322858933e-08	
0.1075801608	7.054509529e-09	0.8924194933	9.967238192e-09	3.289005546e-07	
0.5485009587	7.943844456e-09	0.45149901	1.035286265e-08	1.306404576e-08	
0.08551561632	6.33998648e-09	0.9144840727	8.959394627e-09	2.956889204e-07	
0.9303720848	1.962506144e-06	0.06962593107	9.589545636e-09	1.204144933e-08	
0.1372272427	8.815678635e-09	0.8627723634	1.150185764e-08	3.735814615e-07	
