3.634656681e-09	7.335123128e-07	2.797513435e-07	1.725330478e-06	0.9999972578	
3.594472265e-09	1.967202849e-05	4.624973103e-09	1.303657522e-06	0.9999790161	
3.812905167e-09	0.0003532765226	4.783257917e-09	1.557746079e-06	0.9996451571	
3.630769771e-09	7.312471053e-07	2.268761069e-07	1.815233903e-06	0.999997223	
6.06411098e-09	0.0005685872302	5.054111695e-09	1.718452671e-05	0.9994142171	
3.64253901e-09	0.0001031391231	6.728598934e-09	5.469162483e-07	0.9998963036	
3.593616956e-09	6.002070131e-05	4.623136067e-09	3.416564812e-08	0.9999399369	
3.670795664e-09	0.0001606153141	4.824201965e-09	7.045873035e-07	0.9998386716	
3.591192239e-09	7.280520381e-07	4.619999441e-09	2.476237844e-06	0.9999967875	
4.874564144e-08	7.298328696e-07	1.547518789e-08	3.415134431e-08	0.9999991718	
3.786287818e-09	0.000194440396	8.010453102e-09	3.455656203e-08	0.9998055133	
3.667569559e-09	0.0001521164911	4.774132939e-09	8.68521582e-07	0.9998470065	
3.675365388e-09	0.0002256115488	4.823575643e-09	3.463955209e-08	0.9997743453	
3.580231386e-09	1.212502307e-05	4.605831416e-09	3.617753133e-07	0.999987505	
8.525090843e-06	0.001251184929	2.083728673e-05	5.433129935e-08	0.9987193984	
3.563695435e-09	8.25646821e-08	2.61237824e-07	8.11768668e-06	0.9999915349	
3.651354681e-09	5.971255973e-07	2.697361135e-07	5.880355434e-06	0.9999932491	
3.78150925e-09	1.483213483e-06	2.702678363e-07	9.70306981e-06	0.9999885397	
3.599560246e-09	3.068983972e-09	1.28144774e-05	1.130281596e-05	0.999975876	
6.014976913e-09	2.387501485e-06	2.856097716e-07	0.0001070551897	0.9998902657	
3.611664677e-09	4.329187236e-07	3.800924605e-07	3.405864471e-06	0.9999957775	
3.563014253e-09	2.51922273e-07	2.611462862e-07	2.127545054e-07	0.9999992706	
3.639887561e-09	6.742088266e-07	2.725302042e-07	4.387992707e-06	0.9999946616	
3.560354508e-09	3.055601651e-09	2.609503687e-07	1.541878924e-05	0.9999843136	
4.832764826e-08	3.06311298e-09	8.740921204e-07	2.126527493e-07	0.9999988619	
3.754546242e-09	8.162253052e-07	4.525455701e-07	2.152175525e-07	0.9999985123	
3.644667504e-09	9.471056886e-07	2.725134171e-07	2.157411489e-07	0.999998561	
3.549567292e-09	5.088931635e-08	2.601559473e-07	2.252716669e-06	0.9999974327	
8.452748277e-06	5.251702904e-06	0.001177067831	3.383392154e-07	0.9988088894	
3.611002e-09	1.601435277e-05	4.459417073e-09	4.443209228e-06	0.9999795344	
3.739636116e-09	3.977753233e-05	4.468109744e-09	7.331499564e-06	0.9999528828	
3.559883206e-09	8.230968082e-08	2.118617187e-07	8.540679758e-06	0.9999911616	
5.948375035e-09	6.402919211e-05	4.721747162e-09	8.088939397e-05	0.9998550707	
3.571763999e-09	1.161052071e-05	6.283908858e-09	2.573488161e-06	0.9999858061	
3.523664356e-09	6.756371699e-06	4.317438065e-09	1.607589712e-07	0.999993075	
3.599653141e-09	1.808161071e-05	4.50559983e-09	3.315568939e-06	0.9999785947	
4.779425408e-08	8.215103439e-08	1.445115369e-08	1.606832129e-07	0.9999996949	
3.71302767e-09	2.189025282e-05	7.481666316e-09	1.626177303e-07	0.9999779359	
3.596460246e-09	1.712469806e-05	4.458801143e-09	4.086959409e-06	0.9999787803	
3.604351177e-09	2.540022847e-05	4.505285959e-09	1.630127784e-07	0.9999744286	
3.51038587e-09	1.364822127e-06	4.301089612e-09	1.702180047e-06	0.9999969252	
1.021949348e-08	0.001737974425	1.219453122e-08	0.0006747123502	0.9975872908	
3.830674665e-09	0.0002876084866	4.612319179e-09	5.309536243e-06	0.9997070735	
3.647449116e-09	5.952814443e-07	2.187537875e-07	6.186767317e-06	0.9999929956	
6.092386524e-09	0.0004628977439	4.873505184e-09	5.857314463e-05	0.9994785181	
3.659353248e-09	8.396363122e-05	6.487853801e-09	1.864067381e-06	0.9999141622	
3.687778347e-09	0.0001307552711	4.651642929e-09	2.401486062e-06	0.9998668349	
3.607683995e-09	5.926795088e-07	4.454593179e-09	8.439619168e-06	0.9999909596	
4.896978305e-08	5.941327105e-07	1.492122948e-08	1.163967492e-07	0.9999992256	
3.80383488e-09	0.0001582931726	7.723984671e-09	1.177820797e-07	0.9998415775	
3.684530039e-09	0.0001238362224	4.603355753e-09	2.960226992e-06	0.9998731953	
3.692419794e-09	0.0001836705517	4.651102725e-09	1.180656261e-07	0.999816203	
3.129768036e-07	8.671814441e-07	7.505443102e-09	0.0005574948902	0.9994413174	
3.596698744e-09	9.870591885e-06	4.440964426e-09	1.233026906e-06	0.9999888883	
8.566288117e-06	0.001018785653	2.009606924e-05	1.852185204e-07	0.9989523668	
6.305011691e-09	0.001148974371	4.879597529e-09	9.658093832e-05	0.9987544335	
3.789334048e-09	0.0002085338683	6.499855993e-09	3.075491961e-06	0.9997883804	
3.738614034e-09	0.0001213596732	4.466177051e-09	1.921337245e-07	0.99987844	
3.818502371e-09	0.0003247239267	4.659923074e-09	3.961893137e-06	0.9996713057	
3.736275709e-09	1.472167307e-06	4.463366992e-09	1.392604226e-05	0.9999845936	
5.071552841e-08	1.47578492e-06	1.495069933e-08	1.920649239e-07	0.9999982665	
3.938517797e-09	0.0003930973981	7.737429091e-09	1.943053714e-07	0.9996066966	
3.815176696e-09	0.0003075438739	4.61159561e-09	4.883734003e-06	0.999687564	
3.823013886e-09	0.0004561011483	4.659023056e-09	1.947658057e-07	0.9995436956	
3.240167111e-07	2.153238145e-06	7.517539497e-09	0.0009195822548	0.999077933	
3.724865069e-09	2.451751828e-05	4.44967098e-09	2.034573894e-06	0.9999734397	
0.0002013925558	0.2976836483	8.59139365e-08	0.000591449467	0.7015234238	
6.008511543e-09	2.380115436e-06	2.316259756e-07	0.0001126329981	0.9998847493	
3.607802104e-09	4.315817688e-07	3.082519306e-07	3.58333682e-06	0.9999956732	
3.55920422e-09	2.511443139e-07	2.117875696e-07	2.238407219e-07	0.9999993097	
3.635994547e-09	6.721266638e-07	2.210197897e-07	4.616641342e-06	0.9999944866	
3.556544498e-09	3.046163256e-09	2.116285143e-07	1.622221899e-05	0.9999835595	
4.827597568e-08	3.053654157e-09	7.088818677e-07	2.237336893e-07	0.9999990161	
3.750531541e-09	8.137047571e-07	3.670108867e-07	2.264321221e-07	0.9999985891	
3.632764978e-09	6.365556862e-07	2.187238379e-07	5.690728518e-06	0.9999934504	
3.640770172e-09	9.44180943e-07	2.210062236e-07	2.269829945e-07	0.9999986042	
3.083842094e-07	4.454751303e-09	3.563876916e-07	0.001071046991	0.9989282838	
3.545771259e-09	5.073216003e-08	2.1098439e-07	2.370101026e-06	0.9999973646	
8.445588181e-06	5.236650022e-06	0.0009548050779	3.560486037e-07	0.9990311566	
6.027063179e-09	0.0003356530818	6.868414338e-09	3.393026252e-05	0.9996304038	
5.946879421e-09	0.0001953548001	4.719808044e-09	2.119882913e-06	0.9998025147	
6.072972123e-09	0.0005226292364	4.923759934e-09	4.370596886e-05	0.9994336538	
5.942775482e-09	2.369620309e-06	4.716533283e-09	0.0001536412695	0.9998439785	
8.067726997e-08	2.375770553e-06	1.580089351e-08	2.11927868e-06	0.9999954085	
6.263821097e-09	0.0006326709448	8.175477253e-09	2.14348827e-06	0.9993651711	
6.067690391e-09	0.0004949792853	4.872702229e-09	5.387540269e-05	0.9994511344	
6.079890034e-09	0.0007340441846	4.922600688e-09	2.148485032e-06	0.9992637963	
5.925249808e-09	3.946788146e-05	4.702555377e-09	2.244912195e-05	0.9999380724	
3.570977555e-09	3.542512053e-05	6.281524526e-09	6.74459757e-08	0.9999644976	
3.647818043e-09	9.480141999e-05	6.554981732e-09	1.390973356e-06	0.9999037974	
3.568472915e-09	4.296957984e-07	6.277095288e-09	4.888179538e-06	0.9999946723	
4.843737203e-08	4.307478673e-07	2.102585964e-08	6.74161004e-08	0.9999994324	
3.762641876e-09	0.0001147679678	1.088452271e-08	6.822143187e-08	0.9998851492	
3.644598855e-09	8.978475631e-05	6.486925803e-09	1.714600836e-06	0.9999084905	
3.652458837e-09	0.0001331683658	6.55430957e-09	6.838614424e-08	0.999866753	
3.096466985e-07	6.288565071e-07	1.057858058e-08	0.0003229725244	0.9996760784	
3.557605348e-09	7.15622821e-06	6.257887609e-09	7.141618444e-07	0.9999921198	
8.475457942e-06	0.0007388233222	2.83255514e-05	1.073063173e-07	0.9992242684	
3.598815389e-09	5.516851618e-05	4.503833725e-09	8.689333757e-08	0.9999447365	
3.520408775e-09	2.500471197e-07	4.312745916e-09	3.053508297e-07	0.9999994368	
4.778474823e-08	2.506582045e-07	1.444597808e-08	4.211275202e-09	0.9999996829	
3.712123136e-09	6.678827702e-05	7.478652268e-09	4.26178548e-09	0.9999331963	
3.595632996e-09	5.224903694e-05	4.457065478e-09	1.071099754e-07	0.9999476358	
3.603447177e-09	7.749683375e-05	4.503438549e-09	4.272107905e-09	0.9999224908	
3.055671864e-07	3.660512377e-07	7.270296474e-09	2.018120552e-05	0.9999791399	
3.50968372e-09	4.16432343e-06	4.299544339e-09	4.461163301e-08	0.9999957833	
1.018783601e-08	0.005287510346	1.215481917e-08	1.763196587e-05	0.9946948353	
3.596356371e-09	6.691892273e-07	4.500739503e-09	6.297750528e-06	0.999993025	
4.881592164e-08	6.708286075e-07	1.507577065e-08	8.685654243e-08	0.9999991784	
3.79180617e-09	0.0001787234149	7.80382415e-09	8.788850219e-08	0.9998211771	
3.672897588e-09	0.0001398199721	4.650962687e-09	2.208920594e-06	0.9998579628	
3.68073135e-09	0.0002073754677	4.699163764e-09	8.809979474e-08	0.9997925281	
3.120375701e-07	9.792633724e-07	7.584250559e-09	0.000416067698	0.9995826334	
3.58539476e-09	1.114476486e-05	4.486955986e-09	9.200974818e-07	0.9999879271	
8.538249488e-06	0.001150148142	2.030153521e-05	1.381939233e-07	0.9988208739	
1.031271711e-08	0.01402167344	1.256898014e-08	0.0003603368007	0.9856179669	
4.774978916e-08	3.040314893e-09	1.443535554e-08	3.052049703e-07	0.9999996296	
3.709651191e-09	8.101499846e-07	7.473644222e-09	3.088859185e-07	0.9999988698	
3.593160596e-09	6.337734583e-07	4.453984105e-09	7.762954012e-06	0.9999915952	
3.601085695e-09	9.400560346e-07	4.500470451e-09	3.096373433e-07	0.9999987422	
3.04903963e-07	4.433561322e-09	7.254489431e-09	0.001460492334	0.9985391911	
5.035345556e-08	8.121298868e-07	2.503372605e-08	4.260029684e-09	0.9999991082	
4.877261359e-08	6.353269951e-07	1.491917936e-08	1.070643107e-07	0.9999991939	
4.887982744e-08	9.423534186e-07	1.507478039e-08	4.270393069e-09	0.9999989894	
4.144608197e-06	4.450788869e-09	2.433459578e-08	2.017149122e-05	0.9999756551	
4.760450175e-08	5.063407057e-08	1.439122369e-08	4.459049543e-08	0.9999998428	
0.000113476839	5.230618663e-06	6.517816652e-05	6.703857073e-09	0.9998161077	
3.796496487e-09	0.0002510454717	7.802749226e-09	4.320819063e-09	0.9997489386	
3.698317187e-09	1.349224497e-05	7.450701639e-09	4.512771251e-08	0.9999864515	
8.804923252e-06	0.001392055811	3.370263071e-05	6.776227561e-09	0.9985654299	
3.67750614e-09	0.0001964028851	4.650404649e-09	1.085980021e-07	0.9998034802	
3.117305751e-07	9.273490314e-07	7.504747128e-09	0.000512819069	0.9994859343	
3.582215194e-09	1.055496507e-05	4.440351793e-09	1.134164858e-06	0.9999883028	
8.531195338e-06	0.001089346459	2.009189055e-05	1.703560824e-07	0.9988818601	
3.125696552e-07	1.376174486e-06	7.586752212e-09	2.046449679e-05	0.9999778392	
3.59007609e-09	1.565566964e-05	4.486645792e-09	4.523740245e-08	0.999984291	
8.545451515e-06	0.001614931183	2.029076194e-05	6.79128981e-09	0.9983562258	
1.027144406e-08	0.0195926109	1.250148897e-08	1.76223638e-05	0.980389744	
3.04355718e-07	7.39296799e-08	7.241339704e-09	0.0002136445448	0.9997859699	
8.187774387e-07	8.699535026e-05	1.897210105e-08	0.07825549827	0.9216566686	
0.003720437813	1.944930659e-08	1.90597666e-05	0.9959303102	0.0003301727215	
0.003538416914	1.842495433e-08	3.361982523e-08	0.9959413076	0.0005202234446	
0.003024000114	1.987098868e-08	4.774572307e-05	0.9965757782	0.0003524560841	
0.003410635656	2.116939335e-08	7.048606368e-05	0.9961519532	0.0003669039373	
0.2799356244	2.481778408e-05	0.7197024537	3.178544114e-08	0.0003370723717	
0.150281006	2.164337582e-05	0.8494027287	2.779553331e-08	0.0002945940994	
0.3252284217	2.588898692e-05	0.6743938824	3.317913881e-08	0.0003517738068	
0.8523631499	0.007970804374	0.1391303537	5.02245639e-08	0.0005356417438	
1.90154881e-08	0.8503584803	3.448626344e-05	0.1494851441	0.0001218702813	
1.208909615e-06	0.9808084945	1.426433172e-08	0.01910853736	8.174499199e-05	
2.291846889e-06	0.984602582	1.422564396e-08	0.01531371865	8.139331046e-05	
1.241884967e-08	0.9763404836	1.433649251e-08	0.02357769074	8.179893549e-05	
0.0001769225168	0.01854724972	6.299207446e-08	0.9809087392	0.000367025533	
5.944066491e-06	0.9816049534	1.469630549e-08	0.01830548725	8.360062213e-05	
1.071030858e-05	0.9874274069	1.48859615e-08	0.01247707758	8.479033835e-05	
1.243036767e-07	0.9777849864	1.425527265e-08	0.02213324348	8.16315604e-05	
1.007387531e-05	0.992546191	9.848495482e-09	0.007443715214	1.003948392e-08	
7.89626921e-06	0.9999768787	8.45651992e-09	1.520718755e-05	9.369111422e-09	
7.229381494e-07	0.9910886344	8.376655838e-09	0.008910624915	9.398457359e-09	
1.36771955e-06	0.9928722913	8.336722024e-09	0.007126323349	9.338739809e-09	
7.500674683e-09	0.9895387685	8.374725619e-09	0.01046120636	9.278162651e-09	
7.444678743e-09	0.9889785112	8.439552813e-09	0.01102146344	9.427582728e-09	
0.0002221493489	0.03935160238	7.767115765e-08	0.960426082	8.860257067e-08	
7.400588959e-06	0.994185902	8.796496589e-09	0.005806678885	9.702068965e-09	
4.079929003e-08	0.9887945346	8.463162013e-09	0.0112054068	9.334037467e-09	
3.553062854e-06	0.9914639752	8.626593501e-09	0.00853245351	9.607642825e-09	
6.38186988e-06	0.9941962134	8.710333517e-09	0.005797386335	9.71360498e-09	
7.44571575e-08	0.9896618026	8.385132651e-09	0.01033810515	9.400883799e-09	
3.760022131e-07	0.9894987802	8.429348742e-09	0.01050082605	9.33904355e-09	
1.677230758e-05	0.9500714848	2.606286514e-05	0.04988566346	1.659139367e-08	
0.01042386998	0.98956637	9.740414959e-09	9.740357859e-06	9.929263787e-09	
0.0009664976891	0.9932534961	9.771226777e-09	0.005779986331	1.008713557e-08	
0.001825783091	0.9935585073	9.710155618e-09	0.00461568988	1.000810854e-08	
1.004277289e-05	0.9931939268	9.783689072e-09	0.006796010679	9.973024795e-09	
9.969777399e-06	0.9928286135	9.861379648e-09	0.007161396772	1.013564655e-08	
0.3095530537	0.04110554389	9.443403996e-08	0.6493412089	9.911696055e-08	
0.009795731032	0.9864750341	1.015918925e-08	0.003729214378	1.030971195e-08	
5.463878218e-05	0.9926642747	9.889169105e-09	0.007281066616	1.003528129e-08	
0.004731576424	0.9897553033	1.002353812e-08	0.005513100016	1.027144213e-08	
0.00845868137	0.9878130404	1.007321836e-08	0.003728257798	1.033586348e-08	
9.967860113e-05	0.9931851564	9.794542678e-09	0.006715145066	1.010359134e-08	
0.0005031943287	0.9926783026	9.842787339e-09	0.006818483168	1.003365912e-08	
0.9983978374	0.0009414825826	0.0005903197607	7.024734422e-05	1.12937004e-07	
1.214539139e-08	0.9276020885	2.188472069e-05	0.0723759994	1.526655821e-08	
5.712399494e-05	0.005817618765	3.174602291e-05	0.9940934886	2.261492139e-08	
1.243849962e-05	0.9606797217	2.34999789e-05	0.0392843236	1.618606589e-08	
6.649189162e-08	0.9264701882	2.192324096e-05	0.07350780701	1.50994405e-08	
5.878882622e-06	0.9431443058	2.268753188e-05	0.05682711205	1.577916367e-08	
1.07268814e-05	0.9607423785	2.327106922e-05	0.03922360734	1.620620039e-08	
7.707344499e-05	0.009280065144	0.1380023751	0.8526404584	2.793576591e-08	
1.466820989e-08	8.287406861e-05	0.03464621832	0.9652708752	1.773116625e-08	
1.72337905e-08	9.373134211e-05	0.1108135352	0.8890926962	2.008636031e-08	
7.955288094e-05	0.0001533824844	0.2752718755	0.7244951568	3.234657095e-08	
0.0007564723752	0.9992317188	8.377949856e-09	1.17910598e-05	9.39986791e-09	
0.001427635446	0.9985629402	8.317460414e-09	9.40672701e-06	9.317122134e-09	
7.866766872e-06	0.9999782406	8.395405775e-09	1.387491939e-05	9.301032834e-09	
7.8124557e-06	0.9999775434	8.465179969e-09	1.462627112e-05	9.456168529e-09	
0.8502341206	0.1451167996	2.841374099e-07	0.004648471573	3.241253903e-07	
0.007666396176	0.9923259786	8.709833799e-09	7.606861935e-06	9.606442285e-09	
4.282128525e-05	0.9999422882	8.490140972e-09	1.487261957e-05	9.363751458e-09	
0.003705501426	0.9962832273	8.599210547e-09	1.125306362e-05	9.577103683e-09	
0.006618003731	0.9933743754	8.633541901e-09	7.602633484e-06	9.627926056e-09	
7.80760776e-05	0.9999081971	8.404204784e-09	1.370898272e-05	9.422224864e-09	
0.0003942176415	0.9995918419	8.447239941e-09	1.392264878e-05	9.358824432e-09	
0.0001313195825	0.9943309455	8.277567163e-09	0.005537717231	9.390158748e-09	
7.207987943e-07	0.9918629362	8.32260461e-09	0.008136325305	9.33744214e-09	
7.155077378e-07	0.9914261161	8.388083834e-09	0.008573150559	9.489010903e-09	
0.02642825153	0.0488304734	9.555603459e-08	0.9247410691	1.103880165e-07	
0.0007099395147	0.9947817121	8.726493276e-09	0.004508329906	9.747015207e-09	
3.9213675e-06	0.9912794957	8.411869916e-09	0.008716565143	9.395214494e-09	
0.000341178917	0.9930276958	8.566305998e-09	0.006631107063	9.661584704e-09	
0.0006122715887	0.9948861689	8.641833615e-09	0.004501541081	9.759528142e-09	
7.154930214e-06	0.9919525189	8.332663445e-09	0.00804030842	9.460625575e-09	
3.613206381e-05	0.9917969237	8.376668774e-09	0.008166926461	9.398466294e-09	
1.363458825e-06	0.993492564	8.281632889e-09	0.006506054987	9.276661033e-09	
1.353569744e-06	0.9931426698	8.347526422e-09	0.006855958873	9.42807519e-09	
0.05963059041	0.05834136631	1.134194491e-07	0.882027799	1.308152562e-07	
0.001341088137	0.9950588056	8.671704422e-09	0.003600087943	9.670376955e-09	
7.418484485e-06	0.993021734	8.371416163e-09	0.006970829773	9.335124956e-09	
0.0006449805192	0.994055782	8.518962994e-09	0.005299219401	9.59287014e-09	
0.001156690537	0.9952483173	8.588310006e-09	0.00359497391	9.683618793e-09	
1.353388455e-05	0.993557333	8.291433902e-09	0.006429115427	9.398806494e-09	
6.834547128e-05	0.9934012777	8.335219747e-09	0.006530359178	9.337051426e-09	
0.00406980511	0.9940375813	4.109160439e-08	0.001892561633	1.084423747e-08	
7.424022039e-09	0.989934372	8.386647856e-09	0.01006560279	9.368112186e-09	
0.0002416523594	0.04296696461	8.419406048e-08	0.9567912028	9.603969175e-08	
7.376681411e-06	0.9946919469	8.737358675e-09	0.005300658027	9.636460401e-09	
4.06867408e-08	0.9897661833	8.410244721e-09	0.01023375833	9.27530664e-09	
3.542431031e-06	0.9922056821	8.570645438e-09	0.007790757329	9.544953183e-09	
6.36124809e-06	0.9947014495	8.651767788e-09	0.005292170941	9.647910511e-09	
7.424611242e-08	0.9905589636	8.332069529e-09	0.009440944496	9.341021908e-09	
3.749418041e-07	0.9904099264	8.376125336e-09	0.009589681007	9.279707858e-09	
2.246511753e-05	0.9971810903	4.154896137e-08	0.002796392212	1.084437514e-08	
0.0002281628452	0.04085046157	8.0712083e-08	0.958921202	9.283193015e-08	
7.323656995e-06	0.9944065589	8.807453301e-09	0.005586098874	9.794386736e-09	
4.038349295e-08	0.9892179747	8.475451196e-09	0.010781967	9.424796743e-09	
3.516493499e-06	0.9917872818	8.638237904e-09	0.008209183349	9.70007197e-09	
6.315525581e-06	0.9944165087	8.721179715e-09	0.005577157282	9.806028932e-09	
7.36959009e-08	0.9900527984	8.397030207e-09	0.009947110019	9.491978438e-09	
3.721602485e-07	0.9898958704	8.441361555e-09	0.01010373955	9.429597624e-09	
0.2933843879	0.05311894819	1.088179682e-07	0.6534964315	1.235757171e-07	
0.001229483389	0.04015940479	7.958347023e-08	0.9586109419	9.037278489e-08	
0.1220488857	0.04590066925	9.246777774e-08	0.8320502465	1.060341706e-07	
0.263933889	0.05541539932	1.124092769e-07	0.6806504702	1.290701207e-07	
0.002420838248	0.04336679017	8.507254306e-08	0.9542121883	9.820329736e-08	
0.01192899106	0.04230967853	8.345022116e-08	0.9457611518	9.519492115e-08	
0.9981614804	0.001527322089	3.102279505e-08	0.0003111346569	3.178314338e-08	
4.013841696e-05	0.9942801799	8.832612318e-09	0.005679663183	9.697773491e-09	
0.003478864179	0.9922168833	8.96030508e-09	0.004304233603	9.934506415e-09	
0.006222931757	0.9908645444	9.010123778e-09	0.002912504839	1.000281861e-08	
7.321700049e-05	0.9946891474	8.74710415e-09	0.005237617098	9.762679389e-09	
0.0003696600092	0.9943114089	8.791337854e-09	0.005318912589	9.696373398e-09	
0.4628616183	0.5371121	4.890575958e-08	2.618432471e-05	4.844444742e-08	
1.927215351e-05	0.9916342537	8.662677838e-09	0.008346455881	9.604127734e-09	
3.461336087e-05	0.9942947699	8.746133114e-09	0.005670598294	9.70934617e-09	
4.038849977e-07	0.989886275	8.420670622e-09	0.01011330325	9.397961808e-09	
2.039588918e-06	0.9897254338	8.465093081e-09	0.01027250881	9.336161705e-09	
0.003001412458	0.992699179	8.876758164e-09	0.004299389705	9.951050291e-09	
3.516252317e-05	0.9922662263	8.580752677e-09	0.007698592958	9.67059088e-09	
0.0001775499265	0.9920034466	8.625136676e-09	0.007818985253	9.606014622e-09	
0.2932070641	0.7067420432	6.328142597e-08	5.076614102e-05	6.329700359e-08	
6.313891747e-05	0.9947075648	8.661495424e-09	0.005229277817	9.774367074e-09	
0.0003187905576	0.9943705297	8.705652624e-09	0.005310661292	9.708379172e-09	
0.4263065843	0.5736653909	5.172187538e-08	2.792126046e-05	5.180233028e-08	
3.721894528e-06	0.9905195542	8.386419684e-09	0.009476706088	9.402321159e-09	
0.8381931742	2.989597779e-08	0.1609792395	0.0008275033504	5.303780096e-08	
0.9986075622	3.547732268e-08	0.0003556997196	0.001036597924	1.046815196e-07	
0.5381789384	1.050430021e-06	0.4615530324	0.0002669543736	2.442810204e-08	
0.9988278517	3.042663511e-08	0.00031637506	0.0008556918925	5.090574854e-08	
0.9985808337	3.578362188e-08	0.0003705752258	0.001048495372	5.987524518e-08	
0.0003243455098	2.859605282e-08	0.9989252987	0.0007502798816	4.734079491e-08	
0.0003742494866	3.214020394e-08	0.9987322988	0.0008933656007	5.399799792e-08	
0.1941203425	3.071624501e-08	0.8050421584	0.000837417101	5.133641551e-08	
0.3762543166	1.175968047e-08	0.6235920104	0.0001536421032	1.915847972e-08	
0.6276973483	2.814145425e-08	0.371539668	0.0007629034151	5.216362357e-08	
0.5631129803	2.384663985e-08	0.4362803887	0.0006065638756	4.319234986e-08	
0.6082758458	2.323451102e-08	0.3911381993	0.0005858926408	3.903549267e-08	
0.0461720107	5.124956984e-09	4.863628044e-06	0.9538231046	1.596714375e-08	
0.0898864606	5.481383104e-07	0.02279723021	0.8873157476	1.345955146e-08	
1.693286348e-05	4.845310079e-09	0.005665198667	0.9943178552	8.45611906e-09	
0.05540427101	5.27305106e-09	5.189765511e-06	0.9445905246	9.315211259e-09	
0.04567084492	5.113232793e-09	5.012161959e-06	0.9543241288	9.033923416e-09	
2.130067082e-05	5.867416674e-09	0.01940042737	0.9805782558	1.025638268e-08	
2.070589025e-05	5.555674229e-09	0.0163408515	0.9836384272	9.855612776e-09	
0.1039867677	1.015424315e-08	0.05096711185	0.8450460928	1.74675064e-08	
0.04985277918	3.240105254e-05	7.285290699e-06	0.9501075213	1.31912009e-08	
0.0394280603	5.522771867e-09	0.006901654281	0.9536702691	1.080926465e-08	
0.04411961708	5.837391725e-09	0.01010868775	0.9457716782	1.116390952e-08	
0.04911883219	5.861873578e-09	0.009340509954	0.9415406416	1.03987325e-08	
0.08787413684	5.337578733e-07	4.133441522e-05	0.9120839732	2.179872829e-08	
1.619585648e-05	4.616176789e-09	1.004966483e-05	0.9999737365	1.33991849e-08	
0.05283658254	5.008881955e-09	9.179142902e-09	0.9471633886	1.4716955e-08	
0.04353344867	4.854750748e-09	8.860781827e-09	0.9564665233	1.426573688e-08	
2.001921982e-05	5.350290435e-09	2.930156691e-05	0.9999506581	1.578594739e-08	
0.01095646036	5.3952322e-09	2.492147034e-05	0.9890185969	1.583550153e-08	
0.04752960607	3.076956129e-05	1.288204011e-08	0.9524395906	2.083497356e-08	
0.03783228325	5.278391388e-09	1.22821179e-05	0.9621554122	1.718252834e-08	
0.04248100539	5.598468454e-09	1.805181002e-05	0.9575009194	1.780791764e-08	
0.04726955902	5.618977732e-09	1.667120632e-05	0.9527137476	1.657859425e-08	
3.225917325e-05	5.051451487e-07	0.04819557096	0.9517716532	1.155621341e-08	
0.1045307699	5.44420746e-07	4.372378995e-05	0.8954249492	1.260710156e-08	
3.676736453e-05	5.542273277e-07	0.1495373487	0.850425317	1.269945476e-08	
3.6504754e-05	5.359991188e-07	0.1286469106	0.8713160362	1.24640961e-08	
0.02015660274	5.453077192e-07	0.1103892964	0.869453543	1.261440433e-08	
0.07176432974	5.500879229e-07	0.05609518454	0.8721399215	1.41130542e-08	
0.07816331724	5.659288987e-07	0.07997149022	0.8418646124	1.418760846e-08	
0.08710598361	5.688636578e-07	0.07396728931	0.838926145	1.322823803e-08	
0.7589440098	0.05347853937	0.00141617436	0.1861611683	1.081494966e-07	
1.962414777e-05	4.795971723e-09	1.082832763e-05	0.9999695348	7.893439457e-09	
1.601164908e-05	4.603198036e-09	1.035114053e-05	0.999973625	7.577037468e-09	
6.995234628e-09	4.947923908e-09	0.03753067658	0.9624693034	8.05803658e-09	
6.819786957e-09	4.698732799e-09	0.03170426399	0.9682957167	7.765806147e-09	
3.790526059e-06	4.811927628e-09	0.02738457767	0.9726116191	7.911398708e-09	
3.679642316e-05	9.226609936e-09	0.1062389186	0.8937242609	1.478714903e-08	
1.755472693e-05	2.929752266e-05	1.511185165e-05	0.9999380248	1.111258387e-08	
1.363813008e-05	4.905390626e-09	0.0140626999	0.9859236481	8.944819462e-09	
1.528584357e-05	5.193302154e-09	0.02063091785	0.9793537819	9.253371483e-09	
1.711970627e-05	5.246284046e-09	0.01917718931	0.9808056771	8.670710688e-09	
0.05226704889	4.997803064e-09	9.460190336e-09	0.9477329283	8.327221802e-09	
2.503125831e-05	5.888856505e-09	3.759988729e-05	0.9999373533	9.707746172e-09	
2.425677364e-05	5.55866549e-09	3.157182277e-05	0.9999441565	9.299456223e-09	
0.01324500301	5.592412849e-09	2.679034926e-05	0.9867281917	9.307105313e-09	
0.1241824938	1.035677394e-08	0.0001003825369	0.8757170965	1.680149797e-08	
0.05701704927	3.164966534e-05	1.374194147e-08	0.9429512752	1.215162876e-08	
0.04547646481	5.440427519e-09	1.312865786e-05	0.954510391	1.004181531e-08	
0.05101465721	5.764700072e-09	1.927719608e-05	0.9489660494	1.039715075e-08	
0.05670817915	5.780012237e-09	1.778500954e-05	0.9432740204	9.669697115e-09	
2.042343957e-05	5.652166701e-09	3.594299852e-05	0.9999436186	9.318639472e-09	
1.979151596e-05	5.335244819e-09	3.018055631e-05	0.9999500137	8.92671099e-09	
0.01083318763	5.380730202e-09	2.567226213e-05	0.9891411258	8.955848261e-09	
0.1036929529	1.01730493e-08	9.820386747e-05	0.8962088165	1.650535097e-08	
0.04701444185	3.069965227e-05	1.327566241e-08	0.9529548334	1.178823905e-08	
0.03741808015	5.26581528e-09	1.265600663e-05	0.9625692489	9.720641535e-09	
0.04201812151	5.58542422e-09	1.860231884e-05	0.9579632605	1.00749731e-08	
0.04675704752	5.606191421e-09	1.718054905e-05	0.9532257569	9.379984971e-09	
8.066805998e-09	5.350249498e-09	0.1020896603	0.8979103174	8.856815614e-09	
4.528480955e-06	5.533942309e-09	0.08906198805	0.9109334688	9.113109413e-09	
3.717209591e-05	8.972554124e-09	0.2921651187	0.7077976858	1.44031057e-08	
1.681184629e-05	5.820987419e-09	0.04719136831	0.9527918034	1.06314479e-08	
1.855183658e-05	6.067413196e-09	0.06816309906	0.9318183322	1.082823694e-08	
2.08488145e-05	6.150343025e-09	0.06357747718	0.9364016577	1.01812243e-08	
4.451906328e-06	5.299285453e-09	0.0758662499	0.924129284	8.856229153e-09	
3.77920163e-05	8.885631845e-09	0.2573796101	0.7425825745	1.447531258e-08	
1.641577633e-05	5.536456482e-09	0.0399274289	0.9600561395	1.026188679e-08	
1.817635618e-05	5.790455132e-09	0.05786713777	0.9421146696	1.048736669e-08	
2.041167336e-05	5.865240132e-09	0.05393408247	0.9460454901	9.853398303e-09	
0.02123442211	9.198952103e-09	0.2247368115	0.7540287423	1.490755367e-08	
0.01186469022	3.421011857e-05	3.743999124e-05	0.9880636466	1.312092542e-08	
0.009052165907	5.625130844e-09	0.03421543906	0.956732379	1.037185284e-08	
0.01003841548	5.892243719e-09	0.04966495396	0.9402966141	1.061604726e-08	
0.01125287908	5.957725631e-09	0.04620702741	0.9425400776	9.956555724e-09	
0.07990357922	9.807612835e-09	0.1207000144	0.799396379	1.762767905e-08	
0.08443209026	9.789038411e-09	0.1669413371	0.7486265456	1.719215341e-08	
0.09461109666	9.894090521e-09	0.1552594098	0.7501294675	1.611805424e-08	
0.1242144634	0.8423931048	3.010554252e-08	0.03337661589	1.578579304e-05	
0.1393552007	0.8565616328	2.962580614e-08	0.004083107551	2.931148777e-08	
0.07127028937	0.927647375	2.810350842e-08	0.001082279542	2.798083773e-08	
0.1113135783	0.8359721523	1.196808982e-07	0.05271412168	2.802990084e-08	
0.03559139661	5.919155291e-09	0.02513258848	0.9392759972	1.182784631e-08	
0.03970682429	5.956363166e-09	0.02327109676	0.937022062	1.104011498e-08	
0.04408864988	6.247096675e-09	0.0338215694	0.9220897632	1.131433615e-08	
0.008147167659	0.9918496417	8.726946555e-09	3.17141849e-06	1.046513183e-08	
0.3562963128	0.6436383155	2.722169993e-08	6.530829151e-05	3.61489714e-08	
0.04149246169	0.9584997211	1.045907641e-08	1.684684009e-06	6.122072282e-06	
0.04006171747	0.9599382487	9.830347783e-09	1.318768816e-08	1.084894595e-08	
0.04558496051	0.9544148165	1.007902268e-08	2.018219231e-07	1.113195081e-08	
0.02162737471	0.9783722802	9.061184452e-09	3.260078467e-07	1.006406576e-08	
0.0220576217	0.9779423086	9.046082542e-09	5.061377495e-08	1.005416224e-08	
0.03762022832	0.9623770266	4.20676224e-08	2.692026784e-06	1.099840882e-08	
1.596865814e-05	0.9999762128	8.688572684e-09	7.8001777e-06	9.662815495e-09	
0.1620926065	0.8105078981	3.261570103e-08	0.02739941607	4.672406203e-08	
0.01538938107	0.9840279332	1.02165646e-08	0.0005762242249	6.451239642e-06	
0.01485325757	0.9851422124	9.598881461e-09	4.509017535e-06	1.142805873e-08	
5.828877755e-06	0.9968928788	8.343404651e-09	0.003101274	1.001150732e-08	
0.01696136914	0.9829693578	9.876824639e-09	6.925143388e-05	1.176801929e-08	
0.007921980882	0.9919678766	8.741270376e-09	0.0001101232817	1.047360572e-08	
0.008082579513	0.9919002979	8.729943744e-09	1.710334822e-05	1.046718646e-08	
0.01391308118	0.9851687401	4.097410315e-08	0.0009181261886	1.155645202e-08	
5.754208366e-06	0.9974021813	8.245655697e-09	0.002592046356	9.892672172e-09	
0.508525224	0.4824920336	2.407933468e-08	0.008965880635	1.683763485e-05	
0.5039536217	0.4959742866	2.322938642e-08	7.203787228e-05	3.062583147e-08	
0.0003585104476	0.9098226347	3.660230434e-08	0.08981876959	4.863656604e-08	
0.5370952352	0.4618721199	2.230776126e-08	0.001032593193	2.943339313e-08	
0.3490905299	0.6486243677	2.747432825e-08	0.002285038475	3.64541574e-08	
0.3543593207	0.645287526	2.729942951e-08	0.0003530897473	3.624686092e-08	
0.4803596383	0.5047138092	1.00902261e-07	0.01492642007	3.151477979e-08	
0.0003590479049	0.9234821405	3.669781956e-08	0.07615872613	4.875587966e-08	
0.07360875559	0.9263823971	1.119429799e-08	2.330730392e-06	6.505361401e-06	
3.076060113e-05	0.9982560862	1.036147658e-08	0.001707074051	6.068768083e-06	
0.08335269026	0.9166051586	1.142206244e-08	3.549685177e-05	6.642832292e-06	
0.04117474627	0.9588100304	1.046552122e-08	9.087918748e-06	6.124943794e-06	
0.06923765783	0.9302791215	4.798405841e-08	0.0004765667912	6.605942224e-06	
3.035959071e-05	0.9985371885	1.023773765e-08	0.001426446356	5.995358356e-06	
0.9537308182	0.0462165895	2.926042844e-05	4.790770767e-06	1.854109665e-05	
2.970593272e-05	0.9999569079	9.740588785e-09	1.336566553e-05	1.075666508e-08	
0.08060267833	0.9193970208	1.075200769e-08	2.782976519e-07	1.178994748e-08	
0.03899311398	0.9610064069	9.856264262e-09	4.583798091e-07	1.086851682e-08	
0.0397547956	0.9602451126	9.836365108e-09	7.11398397e-08	1.085399036e-08	
0.06694866536	0.9330475417	4.516600905e-08	3.736054345e-06	1.172365574e-08	
2.931049395e-05	0.9999595039	9.621580242e-09	1.116535465e-05	1.062358513e-08	
0.9521137862	0.0478577057	2.843537126e-05	3.877557811e-08	3.397247482e-08	
3.399037358e-05	0.9997602995	1.004281528e-08	0.0002056889616	1.109895538e-08	
1.57299627e-05	0.9996601655	8.80666662e-09	0.000324085971	9.78754621e-09	
1.605433204e-05	0.9999335758	8.79826017e-09	5.035128715e-05	9.784889324e-09	
2.774977031e-05	0.9972580992	4.146566455e-08	0.002714098674	1.084786561e-08	
1.128160417e-08	0.9924678862	8.202638466e-09	0.007532085162	9.128146328e-09	
0.04437555827	0.9556174045	1.010708156e-08	7.0159913e-06	1.115367296e-08	
0.04523768043	0.9547612096	1.008562844e-08	1.088757946e-06	1.113760852e-08	
3.35389651e-05	0.9997946071	9.920428856e-09	0.0001718330483	1.096198836e-08	
0.9579023486	0.04207131788	2.577797558e-05	5.246846005e-07	3.08213235e-08	
0.02145849598	0.9785397265	9.065384776e-09	1.758359935e-06	1.006725026e-08	
1.552136001e-05	0.9997137129	8.699511935e-09	0.0002707474035	9.666948759e-09	
1.584071391e-05	0.9999420784	8.690816144e-09	4.206249945e-05	9.663889135e-09	
2.739254992e-05	0.9977042547	4.097726341e-08	0.002268301035	1.071842262e-08	
0.9991401429	1.334662382e-08	0.0008598022978	1.891760638e-08	2.253379431e-08	
0.9996208499	8.12897419e-09	0.0003791170334	1.136101669e-08	1.362412256e-08	
0.9997350343	6.758432805e-09	0.0002649379691	9.56585645e-09	1.139393835e-08	
0.9997694379	6.375597451e-09	0.0002305359764	9.025012509e-09	1.074975356e-08	
0.9999938513	6.105888145e-06	2.918916288e-08	6.528647539e-09	7.141652377e-09	
0.999707356	7.066544064e-09	0.0002926150404	1.000097501e-08	1.191220615e-08	
0.9997271829	6.845823262e-09	0.0002727890704	9.689285755e-09	1.154095361e-08	
0.9991668584	1.319941047e-08	0.0008330877656	1.849782884e-08	2.217002687e-08	
0.9996941717	7.299436445e-09	0.000305798583	1.020835106e-08	1.223912629e-08	
0.9997313384	6.799569334e-09	0.0002686337401	9.62395868e-09	1.146314319e-08	
0.9996436721	7.773127298e-09	0.000356295982	1.100211106e-08	1.310474519e-08	
0.9998014184	6.764057886e-09	0.0001985560139	8.620730331e-09	1.0151686e-08	
0.9999750507	8.577530209e-07	2.407850763e-05	5.897833283e-09	7.112907533e-09	
0.9982794833	2.289178634e-08	0.001720422506	3.244703669e-08	3.887923119e-08	
0.2277146105	6.506754838e-09	0.772285363	9.101067785e-09	1.085830492e-08	
0.296755184	7.04908117e-09	0.7032447871	9.985201257e-09	1.183273584e-08	
0.3265843742	7.317951754e-09	0.6734155958	1.036723441e-08	1.228547505e-08	
0.2764404493	6.866080365e-09	0.7235595226	9.725022289e-09	1.152441274e-08	
0.2906955036	6.994482772e-09	0.7093044677	9.90759256e-09	1.174076539e-08	
0.1182602413	5.489444309e-09	0.8817397363	7.69911945e-09	9.180468842e-09	
0.2677105725	6.868482608e-09	0.7322893995	9.61332268e-09	1.146691729e-08	
0.2938715403	7.023098158e-09	0.7061284309	9.948269312e-09	1.178896943e-08	
0.2388208538	6.52523135e-09	0.7611791195	9.243205546e-09	1.0953515e-08	
0.3602436691	8.563731312e-09	0.6397562987	1.092310804e-08	1.279730988e-08	
0.0609345973	4.909808938e-09	0.9390653825	6.964763925e-09	8.302853391e-09	
0.4891369448	7.073267632e-09	0.5108630265	9.879411841e-09	1.178643972e-08	
0.5238978118	7.146545316e-09	0.4761021592	9.982888404e-09	1.190990933e-08	
0.999871889	1.305943562e-05	0.0001150226537	1.377945141e-08	1.509763616e-08	
0.4643483762	7.021124119e-09	0.5356515952	9.805620061e-09	1.16983999e-08	
0.4818404776	7.057908084e-09	0.5181594938	9.857691436e-09	1.176052459e-08	
0.2333178174	6.593149975e-09	0.766682156	9.117847352e-09	1.094559371e-08	
0.453402891	7.081658699e-09	0.5465970804	9.77314624e-09	1.173628805e-08	
0.4856749396	7.065978815e-09	0.5143250317	9.869106018e-09	1.177414352e-08	
0.4158540477	6.917035866e-09	0.5841459242	9.661252048e-09	1.152623612e-08	
0.5609532823	8.117995312e-09	0.4390466874	1.020983399e-08	1.204243582e-08	
0.1283367506	6.295164934e-09	0.8716632237	8.805126696e-09	1.05676831e-08	
0.6116201536	6.935727231e-09	0.388379818	9.811795209e-09	1.162677789e-08	
0.999908744	1.085678072e-05	8.037494533e-05	1.160125549e-08	1.262527018e-08	
0.5536957691	6.959764976e-09	0.4463042025	9.843723156e-09	1.166458937e-08	
0.5709659746	6.952541596e-09	0.4290339969	9.834204233e-09	1.165331162e-08	
0.3033898415	7.126999605e-09	0.6966101295	9.981653801e-09	1.190167732e-08	
0.5427783045	7.047479758e-09	0.4572216668	9.849850713e-09	1.174856092e-08	
0.5747230126	6.950977349e-09	0.4252769589	9.832133404e-09	1.165085871e-08	
0.5046615966	6.978145198e-09	0.4953383748	9.870741816e-09	1.169667853e-08	
0.6464555545	7.777166987e-09	0.3535444162	9.905758013e-09	1.160491694e-08	
0.9378125704	1.430468593e-06	0.06218597749	9.829651232e-09	1.1793779e-08	
0.1740370018	7.096730561e-09	0.825962969	1.00527115e-08	1.198356548e-08	
0.9999197989	1.024155286e-05	6.993668666e-05	1.094507649e-08	1.191119076e-08	
0.587765992	6.969277648e-09	0.4122339795	9.858291342e-09	1.168187089e-08	
0.6046591451	6.945506728e-09	0.3953408265	9.825363553e-09	1.16428541e-08	
0.3335696023	7.391832378e-09	0.6664303676	1.035373257e-08	1.234534699e-08	
0.5770453191	7.067750706e-09	0.4229546521	9.879298299e-09	1.178370369e-08	
0.6083235341	6.940357593e-09	0.3916764375	9.818220962e-09	1.163439125e-08	
0.539360919	7.035243972e-09	0.4606390522	9.952633655e-09	1.179373784e-08	
0.6775681704	7.689457343e-09	0.3224318006	9.795149019e-09	1.147535313e-08	
0.9454487196	1.360379875e-06	0.0545498995	9.349083643e-09	1.121720383e-08	
0.1949503806	7.49895512e-09	0.8050495886	1.062367366e-08	1.266421414e-08	
0.9998998496	1.135194552e-05	8.87730811e-05	1.212918541e-08	1.31997947e-08	
0.999906221	1.099722381e-05	8.275719622e-05	1.175101041e-08	1.27882414e-08	
0.9998954744	1.172617539e-05	9.277350066e-05	1.238080024e-08	1.356217111e-08	
0.9999075564	1.092289006e-05	8.149634581e-05	1.167174986e-08	1.270198579e-08	
0.9998793874	1.248756569e-05	0.0001080971769	1.334394048e-08	1.452186302e-08	
0.9999288793	1.086531421e-05	6.023368615e-05	1.045454413e-08	1.124824844e-08	
0.5464664176	6.957767954e-09	0.453533554	9.840631743e-09	1.166092411e-08	
0.2828035691	6.946462266e-09	0.7171964026	9.7278499e-09	1.159904896e-08	
0.518027862	7.032950665e-09	0.4819721094	9.828580381e-09	1.172318642e-08	
0.5502690099	6.958817325e-09	0.4497309616	9.842257814e-09	1.166285194e-08	
0.4798252279	6.937386929e-09	0.5201747438	9.812126083e-09	1.162721583e-08	
0.6234236267	7.842221506e-09	0.3765763437	9.987638324e-09	1.17008384e-08	
0.9317577268	1.486066949e-06	0.06824076466	1.021070123e-08	1.225096496e-08	
0.1602092609	6.830892263e-09	0.8397907111	9.675195506e-09	1.153353495e-08	
0.2972519476	7.073160319e-09	0.7027480236	9.905981038e-09	1.181144647e-08	
0.5355204584	7.043208049e-09	0.464479513	9.843613441e-09	1.17411193e-08	
0.5675682565	6.953260131e-09	0.4324317151	9.835095668e-09	1.165436692e-08	
0.4973590078	6.966150064e-09	0.5026409637	9.85350721e-09	1.167625378e-08	
0.639751154	7.796091433e-09	0.3602488166	9.929592746e-09	1.16328381e-08	
0.9360870583	1.446310742e-06	0.0639114735	9.938243098e-09	1.192406727e-08	
0.1698778739	7.016760195e-09	0.8301220973	9.939161757e-09	1.184820386e-08	
0.2739488279	6.950822993e-09	0.726051144	9.618789114e-09	1.154438721e-08	
0.300469273	7.101380411e-09	0.6995306981	9.945646752e-09	1.185874308e-08	
0.2446107852	6.609532945e-09	0.7553891879	9.256971471e-09	1.103766335e-08	
0.3675558832	8.640951284e-09	0.6324440844	1.089723233e-08	1.284594295e-08	
0.06276750956	5.001578008e-09	0.93723247	7.01488106e-09	8.414311835e-09	
0.5393374609	7.045453537e-09	0.4606625105	9.846893717e-09	1.174503288e-08	
0.4688342354	7.001968371e-09	0.5311657362	9.786295861e-09	1.167282344e-08	
0.6130197349	7.965596282e-09	0.3869802353	1.0024737e-08	1.182148739e-08	
0.9289008694	1.530356912e-06	0.07109757733	1.039060696e-08	1.254875405e-08	
0.1543668326	6.798792708e-09	0.8456331396	9.51579567e-09	1.141807143e-08	
0.5011975125	6.972454088e-09	0.498802459	9.862566349e-09	1.16869897e-08	
0.6432821675	7.786123301e-09	0.3567178032	9.91703969e-09	1.161813276e-08	
0.9369995269	1.437933033e-06	0.06299901345	9.880818608e-09	1.185516942e-08	
0.1720540913	7.058602733e-09	0.8279458797	9.998575401e-09	1.191903025e-08	
0.5761864739	7.973248168e-09	0.423813496	1.01555619e-08	1.189764016e-08	
0.1354461433	6.352911968e-09	0.8645538307	8.999121698e-09	1.072767257e-08	
0.952659001	1.454227091e-06	0.04733952508	8.99810171e-09	1.067357448e-08	
0.2194642522	8.955977461e-09	0.7805357139	1.142343669e-08	1.346305822e-08	
