5.685973284e-09	1.078875666e-05	0.0004971884701	0.006691892406	0.9928001247	
8.107829087e-08	0.01855925107	1.865353169e-05	0.0101342165	0.9712877978	
9.765870547e-09	0.01692935592	5.615544819e-07	0.01009897334	0.9729710994	
5.835519854e-09	1.080256447e-05	0.0004888936496	0.008090585695	0.9914097123	
7.831756341e-05	0.5845581608	5.961554394e-06	0.4089127621	0.006444798006	
5.775994079e-08	0.01738807648	0.0001234026794	0.008145667248	0.9743427958	
1.541618367e-07	0.02282986801	4.875142581e-07	5.242321261e-06	0.977164248	
7.169627197e-07	0.01980499791	3.191513111e-05	0.01085231248	0.9693100575	
1.4110936e-08	0.0009653730518	4.809920199e-07	0.008535108786	0.9904990231	
7.692231155e-06	1.191960998e-05	8.671091728e-05	6.215983653e-06	0.9998874613	
1.818359058e-06	0.01768719199	0.0001783823577	3.499580987e-05	0.9820976115	
1.363420812e-07	0.02146050235	5.913329037e-07	0.01153576203	0.9670030079	
4.38537831e-07	0.02508433154	4.590342098e-05	5.416309966e-06	0.9748639102	
1.390298379e-07	0.01548919727	2.709269956e-05	0.001859038443	0.9826245326	
0.0002586334627	0.9463876142	0.04439795261	0.0001053986699	0.008850401062	
7.147528128e-08	9.438281526e-06	0.0002201265395	0.01617017766	0.983600186	
4.209872594e-07	6.583735864e-06	6.759614169e-06	0.01363432101	0.9863519147	
8.596861157e-09	8.59707227e-06	6.617301101e-06	0.01609086907	0.983893908	
5.030386118e-09	5.371923632e-09	0.005641521086	0.01262336263	0.9817351059	
0.0001046995668	0.0004508111382	0.0001066854706	0.9894405568	0.009897247003	
5.085997513e-08	8.832469335e-06	0.001454568046	0.01298223287	0.9855543158	
1.373341597e-07	1.173238462e-05	5.813652507e-06	8.452762298e-06	0.9999738639	
6.324871123e-07	1.007885274e-05	0.0003768875475	0.0173280911	0.98228431	
1.223553415e-08	4.828847335e-07	5.582966625e-06	0.01339520912	0.9865987128	
6.690152302e-06	5.980354323e-09	0.001009525998	9.78513603e-06	0.9989739927	
1.608267939e-06	9.024410505e-06	0.002111984414	5.602322868e-05	0.9978213597	
3.913775188e-07	1.291434952e-05	0.0005483955389	8.749145667e-06	0.9994295496	
1.227625123e-07	7.889833798e-06	0.0003202359477	0.002971114903	0.9967006366	
0.0004271503876	0.000901667323	0.9815650421	0.0003150681814	0.01679107199	
6.021315963e-06	0.01136015199	2.543809718e-07	0.02071082681	0.9679227455	
1.223737113e-07	0.01476345739	2.478388386e-07	0.02432591458	0.9609102578	
7.320883533e-08	9.431511201e-06	0.000216022328	0.01951096242	0.9802635105	
0.0006533419972	0.3393748128	1.751625337e-06	0.6557327231	0.004237370506	
7.258773168e-07	0.01520752358	5.46212173e-05	0.01967786308	0.9650592662	
1.961230845e-06	0.02021276425	2.184436678e-07	1.28200658e-05	0.979772236	
8.977534642e-06	0.01725860891	1.407529311e-05	0.02612146854	0.9565968697	
9.759444763e-05	1.052459276e-05	3.874778341e-05	1.51599382e-05	0.9998379732	
2.311986507e-05	0.01565074487	7.988364074e-05	8.55335471e-05	0.9841607181	
1.705876352e-06	0.01868650084	2.605853368e-07	0.02774461493	0.9535669178	
5.580629054e-06	0.02221514207	2.057412829e-05	1.324934428e-05	0.9777454538	
1.76251755e-06	0.01366547763	1.209700929e-05	0.004530316957	0.9817903459	
1.37476045e-06	0.3409814372	0.0001865304846	0.1474982715	0.5113323861	
7.248302737e-07	0.01035625319	7.653392381e-09	0.02062637998	0.9690166344	
4.314261764e-07	6.582497019e-06	6.63709537e-06	0.01645990524	0.9835264437	
0.004823897893	0.296758748	6.742720709e-08	0.6930906364	0.005326650233	
4.297030679e-06	0.01066178989	1.685788263e-06	0.01667588178	0.9726563455	
5.322924182e-05	0.0121189605	4.35097973e-07	0.02217156881	0.9656558063	
1.042635336e-06	0.0005879070279	6.526062211e-09	0.01735426023	0.9820567836	
0.0005729769207	7.317853499e-06	1.186028989e-06	1.274133967e-05	0.9994057779	
0.000136442459	0.01093869836	2.457867767e-06	7.226139965e-05	0.9888501399	
1.012172036e-05	0.01313110162	8.061079081e-09	0.02356628531	0.9632924833	
3.300102227e-05	0.01555821341	6.343107954e-07	1.121616182e-05	0.9843969351	
0.0004473169418	0.005637994144	3.25444003e-06	0.05628962429	0.9376218102	
1.040302106e-05	0.009552504156	3.722549346e-07	0.003827897142	0.9866088234	
0.03158438646	0.9525628533	0.0009956057471	0.0003541957029	0.01450295879	
8.135139001e-05	0.3200203679	5.45117433e-08	0.6755102277	0.004387998508	
8.741305044e-08	0.01386900038	1.643988881e-06	0.01960521707	0.9665240512	
2.362487069e-07	0.01843911388	6.576648574e-09	1.277649265e-05	0.9815478668	
1.081310783e-06	0.01574246884	4.23716467e-07	0.02602985228	0.9582261738	
2.127310231e-08	0.0007670333724	6.383187881e-09	0.02046348139	0.9787694576	
1.173636311e-05	9.584894518e-06	1.164607925e-06	1.508295822e-05	0.9999624312	
2.784136218e-06	0.01427295207	2.404293516e-06	8.521623402e-05	0.9856366433	
2.054904248e-07	0.01704690875	7.845460966e-09	0.02765052698	0.9553023509	
6.723752998e-07	0.02026988574	6.195473294e-07	1.320698396e-05	0.9797156153	
9.052236236e-06	0.007295790779	3.157219919e-06	0.06583303969	0.9268589601	
2.121948008e-07	0.0124594742	3.64001986e-07	0.004512430712	0.9830275189	
0.0002504998144	0.6241986137	9.598218366e-07	0.1525559795	0.2229939471	
8.904029099e-05	0.0003740391458	8.692917828e-05	0.9912602025	0.008189788848	
5.212940729e-08	8.832212607e-06	0.001428431101	0.015675172	0.9828875126	
1.411436079e-07	1.176385505e-05	5.724668208e-06	1.023381525e-05	0.9999721365	
6.476714421e-07	1.006919845e-05	0.0003697715273	0.02090306958	0.978716442	
1.253955994e-08	4.828181311e-07	5.482050164e-06	0.01617205229	0.9838219703	
6.875829972e-06	5.996485291e-09	0.0009940889421	1.184710583e-05	0.9989871821	
1.652915589e-06	9.048817858e-06	0.002079704307	6.782919793e-05	0.9978417648	
1.233348838e-07	1.092591504e-05	6.860672929e-06	0.02225009658	0.9777319935	
4.02237068e-07	1.294909699e-05	0.0005400061913	1.059273575e-05	0.9994360497	
5.409508327e-06	4.655776559e-06	0.002748910872	0.05274483902	0.9444961848	
1.2608966e-07	7.906099827e-06	0.0003151391786	0.003594921655	0.996081907	
0.0004456585217	0.0009178008894	0.9812035359	0.0003872418026	0.01704576292	
0.0005477360799	0.3741789237	1.363682785e-05	0.6202574129	0.005002290445	
0.002934623406	0.9861933543	1.081451336e-07	0.0008013086324	0.01007060556	
0.005377525146	0.3370884302	2.789501936e-06	0.6535952006	0.003936054569	
0.0001979770317	0.03073529089	7.863954938e-08	0.9615430559	0.007523597511	
0.9254886538	0.003254347966	0.0001215728818	0.006005225559	0.06513019982	
0.04251494226	0.938434594	4.86024327e-05	0.006570201455	0.01243165989	
0.0009602351919	0.3429815457	4.85315211e-08	0.6523710441	0.003687126523	
0.00756973149	0.9825600736	9.233420661e-06	0.0007507193484	0.009110242124	
0.002739621488	0.6926193625	6.221269101e-06	0.2941518652	0.01048292953	
1.394658802e-06	0.01890313816	1.442514155e-06	1.028593664e-05	0.9810837387	
6.415647182e-06	0.01622027119	9.340759639e-05	0.02106179131	0.9626181143	
1.261415033e-07	0.0007898357068	1.406312111e-06	0.0165478036	0.9826608282	
6.929520323e-05	9.827709332e-06	0.0002554855207	1.214478488e-05	0.9996532468	
1.64289107e-05	0.01462606255	0.0005271360159	6.857633795e-05	0.9847617962	
1.219680368e-06	0.01757095676	1.730174174e-06	0.02238162008	0.9600444733	
3.968541162e-06	0.02077618333	0.0001358659229	1.063056755e-05	0.9790733516	
5.410695329e-05	0.007572946731	0.0007011629352	0.05366297825	0.9380088051	
1.25385182e-06	0.01278517041	7.991570679e-05	0.003636266338	0.9834973937	
0.002525642229	0.8458543276	0.141805059	0.0002232293849	0.009591741808	
1.735365054e-05	0.02158292038	3.739772359e-07	1.373701937e-05	0.978385615	
3.412613533e-07	0.001051157013	5.631491316e-09	1.07948421e-05	0.9989377013	
0.0001844429237	1.286805329e-05	1.006555469e-06	7.794629589e-09	0.9998016747	
4.355004322e-05	0.01907255913	2.0683075e-06	4.383297433e-08	0.9808817787	
3.301854582e-06	0.02339963275	6.932890323e-09	1.461000144e-05	0.9765824485	
1.049553696e-05	0.02702970243	5.31859489e-07	6.779178279e-09	0.9729592634	
0.0001518767594	0.01045694602	2.913196557e-06	3.632117119e-05	0.9893519428	
3.336074651e-06	0.01673392387	3.147272058e-07	2.332878181e-06	0.9832600924	
2.798814085e-06	0.4491055491	5.219763205e-06	8.169493198e-05	0.5508047374	
1.564935433e-06	0.0008991426728	3.63515009e-07	0.02203456949	0.9770643594	
0.0008640849661	1.124498819e-05	6.637763534e-05	1.625432328e-05	0.9990420381	
0.0002045904785	0.01671311878	0.0001367733699	9.16593407e-05	0.982853858	
1.506533284e-05	0.019915056	4.452713284e-07	0.02967221775	0.9503972156	
4.93703785e-05	0.02371672735	3.521667255e-05	1.419442517e-05	0.9761844912	
0.0006622569736	0.008505342104	0.0001788111594	0.07049754973	0.92015604	
1.559718603e-05	0.01459351748	2.071258915e-05	0.004854913689	0.9805152591	
0.03010713147	0.9252232737	0.03522017276	0.00028561085	0.009163811232	
1.177480272e-05	0.3524355524	0.0003091149454	0.1529866957	0.4942568622	
1.665816923e-05	5.368969628e-07	9.798838231e-07	1.252181366e-05	0.9999693032	
4.005700535e-06	0.0008104228597	2.050579437e-06	7.171290442e-05	0.999111808	
2.978552699e-07	0.0009751450308	6.741138949e-09	0.02344250879	0.9755820416	
9.729576591e-07	0.001157559618	5.314443496e-07	1.117822422e-05	0.9988297578	
1.308467561e-05	0.0004161877847	2.705285031e-06	0.05565932887	0.9439086934	
0.002159540982	9.896121614e-06	0.0003655939284	5.165169551e-08	0.9974649173	
0.0001648374763	1.222335006e-05	1.233739167e-06	1.733241401e-05	0.999804373	
0.0005256856442	1.41659568e-05	9.495752242e-05	8.068806321e-09	0.9993651828	
0.007425954607	5.349941442e-06	0.0005077404508	4.220186011e-05	0.9920187531	
0.0001654086721	8.681674475e-06	5.562471629e-05	2.748687436e-06	0.9997675362	
0.7534496838	0.001298861717	0.223201831	3.815850916e-07	0.02204924185	
0.0001239039287	0.02095918543	0.0001947776565	4.529467188e-08	0.9787220877	
3.929604443e-05	0.01294683418	0.0001150030005	1.555230574e-05	0.9868833145	
0.06886604849	0.7452180278	0.1775413278	8.306559391e-07	0.008373765312	
9.39247153e-06	0.02570987289	6.527754567e-07	1.509460989e-05	0.9742649873	
0.0001256563165	0.009195626202	3.305631749e-06	0.0747691529	0.915906259	
2.968554426e-06	0.01582670416	3.840919649e-07	0.005165007189	0.979004936	
0.005621990654	0.9844621584	0.0006407878813	0.0002981165559	0.008976946477	
0.0004323590871	0.01149812641	0.0002745052153	3.755457085e-05	0.9877574547	
9.495944887e-06	0.01839793827	2.965270068e-05	2.411816025e-06	0.9815605013	
0.01473056826	0.9373761768	0.04052094206	1.140238113e-07	0.007372198835	
7.629432764e-06	0.472863251	0.000470973578	8.088407157e-05	0.5265772619	
0.0001349243988	0.006988732309	0.000159478733	0.01268798371	0.9800288809	
9.563358969e-05	0.1584640362	0.002234606037	0.3753853693	0.4638203548	
0.1220761952	3.644247033e-05	0.01459329004	0.8629621081	0.0003319641473	
0.1382728655	0.0003697354669	1.263582365e-05	0.7679296809	0.09341508227	
0.1343158322	2.588418417e-05	0.03615390021	0.8064706142	0.02303376918	
0.2123477788	2.717053689e-05	0.08254362537	0.7045259049	0.0005555204494	
0.3375700317	0.009869570487	0.6525602257	2.361169007e-08	1.485372566e-07	
0.1480720456	0.00494180293	0.8469858955	1.925110769e-08	2.367484461e-07	
0.3378087729	0.00259058493	0.6596004705	2.34997962e-08	1.481006148e-07	
0.6646198875	0.0465082493	0.2888715558	3.150694992e-08	2.758848931e-07	
1.469863573e-07	0.7564355317	0.01107016911	0.2293235151	0.003170637077	
6.868550892e-05	0.9590577292	2.456294485e-06	0.02696982904	0.01390129994	
5.144121563e-05	0.9745947024	0.0006669414491	0.0125839992	0.01210291574	
5.170226647e-08	0.8368732235	0.0004061205556	0.1453204599	0.01740014436	
0.000915876447	0.0006010818983	0.004381855002	0.9940136538	8.753280915e-05	
2.848245083e-05	0.9243184094	0.0005556687123	0.07505507625	4.236320015e-05	
0.0001053142861	0.9535253478	6.410913994e-06	0.03494694535	0.01141598166	
4.921512335e-05	0.9144092494	2.496211029e-06	0.0750598612	0.01047917811	
2.499215891e-05	0.8973639018	1.637514284e-08	0.1025954702	1.561942909e-05	
2.016794545e-05	0.9999192914	1.18853756e-08	4.668694708e-05	1.384182704e-05	
1.581704123e-05	0.9577472099	1.242655209e-08	0.03323404224	0.009002918413	
1.18861261e-05	0.97656055	3.385531853e-06	0.01555939263	0.007864785717	
1.147693465e-08	0.8494408454	2.72841865e-06	0.1393216291	0.0112347856	
1.160355072e-08	0.8144923608	2.002379454e-06	0.1745231066	0.01098251865	
0.0001720617126	0.0004896965219	1.808487196e-05	0.9992739096	4.62472583e-05	
2.495611722e-05	0.9527589501	1.324284567e-08	0.04033971243	0.00687636809	
1.288893277e-05	0.8535024653	2.083939903e-06	0.1385247483	0.00795781352	
6.458375665e-06	0.9088946964	2.768037542e-06	0.09106906237	2.701484505e-05	
2.418659124e-05	0.9496545188	3.234576396e-08	0.0429478518	0.007373410513	
1.119397809e-05	0.9019293185	1.247318195e-08	0.09135629525	0.006703179832	
4.811816794e-05	0.8140584104	5.361298595e-06	0.1813895968	0.004498513293	
7.388668661e-05	0.8152650132	7.305094914e-05	0.1845856319	2.417273733e-06	
0.03919476679	0.9607780544	1.38023074e-08	2.715046004e-05	1.450715345e-08	
0.03167897704	0.9483933467	1.487198385e-08	0.01991793727	9.72414838e-06	
0.02380202424	0.9668618772	4.05109868e-06	0.009323553992	8.493424182e-06	
2.485876094e-05	0.9096585588	3.531318883e-06	0.09029992788	1.312322933e-05	
2.550568434e-05	0.8851661376	2.630054899e-06	0.1147927079	1.30187829e-05	
0.3650523255	0.000513676382	2.292760412e-05	0.6344110176	5.291505226e-08	
0.04911757574	0.9271172131	1.557448097e-08	0.02375789698	7.29863059e-06	
0.02705879187	0.8859065737	2.614261291e-06	0.08702301056	9.009642565e-06	
0.01336909429	0.9302163165	3.423915336e-06	0.05641113509	3.015806856e-08	
0.04774620987	0.9268758727	3.815522409e-08	0.02537002958	7.849735287e-06	
0.02310598711	0.9204586414	1.538472331e-08	0.05642789426	7.461794858e-06	
0.09530519972	0.7971770374	6.345266485e-06	0.1075066126	4.805060725e-06	
0.9988669176	0.0005002617062	0.0004887571232	0.0001439667746	9.681845366e-08	
3.222298355e-08	0.6950717731	0.008390726654	0.2949409455	0.001596522536	
0.0002706488089	0.0002367100463	0.04292552994	0.9565633031	3.808080579e-06	
7.854242267e-05	0.9214634328	6.289077437e-05	0.07726225202	0.001132881936	
3.680870678e-05	0.7490420052	0.008980430161	0.2407510884	0.001189667557	
1.905615034e-05	0.8241252655	0.01232429802	0.1635272077	4.172656242e-06	
7.595625541e-05	0.9164785657	0.0001532797002	0.0820800506	0.001212147735	
0.0004232790781	0.09714739119	0.6968431321	0.2055814446	4.753012604e-06	
3.762169009e-08	8.027594225e-05	0.2581001804	0.7416629142	0.000156591896	
4.172770275e-08	0.003812048495	0.365772803	0.6298821096	0.0005329972283	
0.000355772144	0.0002392877707	0.9136043502	0.08579603031	4.559601233e-06	
0.02361871993	0.9763649343	9.972959188e-09	8.374116001e-06	7.961724809e-06	
0.01751582601	0.9824707596	2.681386886e-06	3.869079243e-06	6.863883788e-06	
1.978929484e-05	0.999925673	2.528469431e-06	4.053663083e-05	1.147260226e-05	
2.086583356e-05	0.999912546	1.935234072e-06	5.2956889e-05	1.169605822e-05	
0.9970292043	0.001937228394	5.632242742e-05	0.0009770862056	1.587092969e-07	
0.0369492573	0.9630346244	1.053785702e-08	1.007827465e-05	6.029489606e-06	
0.02164008156	0.9783108793	1.880483006e-06	3.924587352e-05	7.912767973e-06	
0.01030080051	0.9896722912	2.372804389e-06	2.450999564e-05	2.551778022e-08	
0.03596370697	0.9640189981	2.58493416e-08	1.07759589e-05	6.493082745e-06	
0.01785434821	0.9821147212	1.069249592e-08	2.458797273e-05	6.331887019e-06	
0.07967740497	0.9202627291	4.771318201e-06	5.068309976e-05	4.411515849e-06	
0.01427980544	0.9782135198	2.914239858e-06	0.002863013496	0.004640747048	
1.561235708e-05	0.9634479015	2.659316383e-06	0.02902751843	0.00750630837	
1.631438886e-05	0.954815472	2.017171008e-06	0.03758215142	0.007584044974	
0.5285169881	0.001254163789	3.980215448e-05	0.4701192741	6.977177109e-05	
0.03010732164	0.9583643946	1.144703091e-08	0.007453782254	0.004074490105	
0.01719325387	0.9492889493	1.991786299e-06	0.02830201036	0.005213794641	
0.008298673422	0.9737589628	2.548436283e-06	0.017922766	1.704931355e-05	
0.02927482101	0.9583800182	2.805132817e-08	0.007961773669	0.00438335902	
0.01434222599	0.9635120296	1.145053554e-08	0.01792748578	0.004218247187	
0.063575998	0.8967929763	5.07540299e-06	0.03670669445	0.002919255834	
1.169422467e-05	0.9791841763	0.0007221611811	0.0135458809	0.006536087425	
1.228009121e-05	0.9751769435	0.0005504712903	0.01762409425	0.006636210842	
0.6309758238	0.002031614105	0.01722747078	0.3496682586	9.683269261e-05	
0.02247062262	0.9705252708	3.097397993e-06	0.003465884385	0.003535124753	
0.01293060808	0.9687071206	0.000543081222	0.01326088608	0.004558304018	
0.006185389226	0.9847886204	0.0006886416917	0.008322576195	1.477249156e-05	
0.02185140108	0.9706350824	7.591011371e-06	0.003702450436	0.00380347509	
0.01072104024	0.9772612981	3.10318264e-06	0.008348993778	0.003665564649	
0.04858709317	0.9299361337	0.001406239961	0.01747702041	0.002593512711	
0.02977924767	0.9654874411	0.001282042954	0.003443095739	8.17249063e-06	
1.167095084e-08	0.8349038444	0.00043665441	0.1553287269	0.009330762654	
0.0001935742192	0.0005614672185	0.004411180701	0.9947898288	4.394901282e-05	
2.464735151e-05	0.9589818545	2.835637397e-06	0.03525409356	0.005736568932	
1.289404922e-05	0.8701843246	0.0004519950631	0.1226261936	0.006724592647	
6.410260604e-06	0.919390607	0.0005956628214	0.07998467063	2.264929675e-05	
2.389755998e-05	0.956265846	6.929030032e-06	0.03754947367	0.0061538537	
1.113044507e-05	0.9139757924	2.688942227e-06	0.08038038285	0.005630005345	
4.835228676e-05	0.8336766021	0.001168030184	0.161288656	0.003818359378	
3.298571016e-05	0.9634010925	0.001185258894	0.03536727052	1.339241403e-05	
0.0001565488809	0.0004306413564	0.002589570114	0.9967888741	3.436558487e-05	
2.570791321e-05	0.9486277714	2.14692877e-06	0.04555913958	0.005785234223	
1.310299226e-05	0.8386510506	0.0003334150708	0.1543952031	0.006607228194	
6.598272008e-06	0.8975186267	0.0004450670038	0.1020071666	2.254142748e-05	
2.490835308e-05	0.9452767511	5.242449688e-06	0.04849139762	0.006201700434	
1.145276255e-05	0.8919105433	2.008397035e-06	0.1024748263	0.005601169264	
4.859145854e-05	0.7945649594	0.0008520544667	0.2008242412	0.003710153535	
0.593150912	0.0008874438413	3.017114103e-05	0.4058935669	3.790618081e-05	
0.1795933736	0.0004660663921	0.002783433003	0.8171314094	2.57175644e-05	
0.1425291051	0.0007860740902	0.005855641271	0.8508290412	1.382755722e-07	
0.5703007307	0.0008775352265	7.31086741e-05	0.4287083017	4.032370276e-05	
0.2242966821	0.0007082401748	2.395730082e-05	0.7749399687	3.115171749e-05	
0.3835497315	0.0002542950018	0.004096423293	0.6120912337	8.316571692e-06	
0.9856021188	1.780913205e-05	9.299916529e-06	0.01437074916	2.29745264e-08	
0.02686397418	0.9351708951	2.102005407e-06	0.03401945338	0.003943575303	
0.01304730439	0.9652592228	2.706230616e-06	0.02167779052	1.297606612e-05	
0.04561547972	0.9415342431	2.952230957e-08	0.009543895727	0.003306351887	
0.02249183559	0.9526773753	1.212866612e-08	0.0216284594	0.003202317553	
0.09652426296	0.8584517244	5.204664528e-06	0.04287325377	0.00214555423	
0.8022679306	0.1944570979	3.82181762e-08	0.003255762276	1.917099795e-05	
0.007120697623	0.913750254	0.0004500186203	0.07866316115	1.586863239e-05	
0.02607180383	0.9334192523	5.141301756e-06	0.03626929796	0.00423450457	
0.01231804575	0.9049916358	2.02392253e-06	0.07875844422	0.003929850314	
0.051424997	0.7932963563	0.0008448788803	0.1518723999	0.002561367986	
0.01267212053	0.9641784361	6.624174288e-06	0.02312887535	1.394386597e-05	
0.006041273007	0.9432648676	2.631243103e-06	0.05067817054	1.305765038e-05	
0.02652326515	0.8695421045	0.001155121339	0.1027705589	8.950083093e-06	
0.518422564	0.463204222	1.99470554e-05	0.01835307888	1.88064257e-07	
0.02184565404	0.9516362054	2.968873131e-08	0.02307686114	0.00344124978	
0.09381425522	0.8580906545	1.274863038e-05	0.04577515097	0.002307190668	
0.7975972009	0.1988258934	9.575745482e-08	0.003555722626	2.108727973e-05	
0.04532910986	0.8508217937	5.132417095e-06	0.1016542141	0.002189749882	
0.868645373	3.303830174e-08	0.1311784709	0.0001683455148	7.777568386e-06	
0.9975137128	3.398375818e-07	0.0001151551306	0.0001518803758	0.002218911819	
0.6077962052	5.722503505e-06	0.3921726582	2.036145056e-05	5.052555794e-06	
0.998453251	3.794852776e-07	0.0001177896353	0.0001632512114	0.00126532871	
0.998793269	3.156054416e-08	0.0001326513974	0.0002199611725	0.0008540869156	
0.0002901018693	1.087196915e-06	0.9966635324	0.000302050072	0.002743228426	
0.0003043321559	5.176696489e-07	0.9993720694	0.0002997304206	2.335033949e-05	
0.1969755458	8.43845009e-08	0.7995796317	0.000241809526	0.003202928603	
0.4983832412	1.375104604e-08	0.5016037265	8.289957465e-06	4.728564552e-06	
0.7458423192	1.831271247e-08	0.2536137489	0.0001227740719	0.0004211394795	
0.6706194985	1.093264019e-08	0.3293137149	6.099914089e-05	5.776564618e-06	
0.7479069747	1.230137454e-08	0.2513526329	9.766532663e-05	0.0006427147338	
0.4502841884	5.055431614e-07	2.046837163e-05	0.5496896848	5.152899971e-06	
0.6567301075	2.037670803e-05	0.1668546958	0.1763947919	2.808561296e-08	
8.359902965e-05	2.411521304e-08	0.08851044581	0.9114046058	1.325217109e-06	
0.432717604	5.419893753e-07	2.010092691e-05	0.5672589319	2.821136089e-06	
0.3615638377	3.765068448e-08	1.890833939e-05	0.6384156258	1.590579187e-06	
0.0001030743295	1.272996517e-06	0.1394378694	0.860452769	5.014247997e-06	
0.0001088082441	6.099379772e-07	0.1406932772	0.8591972617	4.294879709e-08	
0.6537363748	5.944207608e-08	0.2590789651	0.08718456885	3.190894082e-08	
0.3532375791	5.428278325e-05	0.007523155273	0.6391830911	1.891819077e-06	
0.4075486416	3.297646646e-08	0.05456792017	0.5378822214	1.183865134e-06	
0.5201176339	2.794277088e-08	0.1005697565	0.3793125586	2.304829923e-08	
0.458857977	2.487157898e-08	0.0607220354	0.4804179342	2.028583108e-06	
0.8254214867	0.0002294035801	0.0001603140703	0.1741800258	8.769858594e-06	
0.0001166741921	3.014685375e-07	9.443053671e-05	0.9993290992	0.0004594946306	
0.4922364603	5.522520209e-06	1.74795265e-08	0.5069607156	0.000797284081	
0.4187071513	3.90549056e-07	1.673875467e-08	0.5808348261	0.0004576152905	
0.0001611371257	8.090899587e-06	0.0001592764329	0.9996556938	1.580173071e-05	
0.1142237229	1.444451694e-06	0.0001395668459	0.8832614067	0.002373859129	
0.4124836106	0.0005677788753	6.715590206e-06	0.5863930632	0.0005488317646	
0.4907465092	3.556798091e-07	5.022957857e-05	0.5088487452	0.0003541602704	
0.6356823141	3.059041337e-07	9.39615805e-05	0.3642164201	6.99837605e-06	
0.5483194254	2.662171494e-07	5.546845006e-05	0.4510226022	0.0006022377734	
0.0001560233441	1.114120914e-05	0.7058008026	0.2940297365	2.296292385e-06	
0.8149168548	0.0002526692482	0.0001617424791	0.1846638007	4.932698593e-06	
0.0001383674994	0.0004230226953	0.7997671955	0.1996651648	6.249441252e-06	
0.0001450939968	0.0002013382066	0.8016047139	0.1980488007	5.317291296e-08	
0.1049188154	3.666702236e-05	0.7165297748	0.1785065941	8.148618321e-06	
0.5554807881	1.1126193e-05	0.3177797862	0.1267268014	1.498109747e-06	
0.5122326214	6.812209615e-06	0.4231870096	0.06457353575	2.107445462e-08	
0.5726021287	7.683001323e-06	0.32375782	0.1036300181	2.350278258e-06	
0.6535452169	0.1926132914	0.1077724603	0.04606897326	5.814517648e-08	
0.0001086746059	3.132635983e-07	8.988364049e-05	0.9995572979	0.0002438305793	
8.06970903e-05	1.933932951e-08	7.513933315e-05	0.999721973	0.0001221711909	
1.209574588e-08	3.437993094e-07	0.2913425606	0.7084545818	0.0002025016513	
1.275091603e-08	1.644981082e-07	0.2935580464	0.7064400443	1.732093021e-06	
1.025150242e-05	3.330830661e-08	0.2917495311	0.7079450584	0.0002951256344	
0.0001251107437	2.618071924e-08	0.88280578	0.1170669815	2.101575357e-06	
7.646291473e-05	2.704218039e-05	0.02899512826	0.9707604364	0.0001409302342	
8.586674965e-05	1.5989885e-08	0.2047029183	0.7951253592	8.583974681e-05	
0.0001168145569	1.444310294e-08	0.4021646057	0.5977167839	1.781455159e-06	
0.0001030440882	1.285416294e-08	0.2427907711	0.7569493965	0.0001567755103	
0.401560114	4.178596625e-07	1.640507645e-08	0.59818942	0.0002500317586	
0.0001418061849	1.750104018e-05	0.0001498596387	0.9987144399	0.0009763932385	
0.0001500586268	8.405757038e-06	0.000151576474	0.9996815757	8.38348264e-06	
0.1073313756	1.514216847e-06	0.0001340193702	0.8912622833	0.001270807548	
0.8986087034	8.164957553e-07	0.0002782014646	0.1011060706	6.20804216e-06	
0.3954257161	0.0006072284474	6.578961182e-06	0.6036607315	0.0002997449738	
0.4730405616	3.824855577e-07	4.947839703e-05	0.5267150883	0.0001944891871	
0.6190312959	3.32332251e-07	9.350562011e-05	0.3808709836	3.882613946e-06	
0.5307758721	2.874936361e-07	5.487044666e-05	0.4688368462	0.0003321237939	
0.0001053413284	1.080859288e-06	0.0001253271545	0.9992788335	0.0004894171863	
0.0001114171544	5.188831966e-07	0.0001267009221	0.9997571629	4.200165459e-06	
0.08200755054	9.618711474e-08	0.0001152793711	0.9172218982	0.0006551756763	
0.8681304439	6.557978318e-08	0.0003025733396	0.1315628703	4.046875638e-06	
0.3271310661	4.176482516e-05	6.127327363e-06	0.6726537172	0.0001673245339	
0.3999766243	2.68876564e-08	4.709867951e-05	0.599865286	0.0001109641077	
0.5467789011	2.440469084e-08	9.298089827e-05	0.4531257796	2.314057719e-06	
0.4565627752	2.055981686e-08	5.313549161e-05	0.5431912985	0.0001927703128	
1.391976735e-08	7.68844177e-06	0.4094694526	0.5905170423	5.802715747e-06	
1.119433389e-05	1.557220535e-06	0.4070594416	0.5919388277	0.0009889792167	
0.0001027389047	9.204680745e-07	0.9262802878	0.07361075671	5.296083052e-06	
9.861327698e-05	7.862171958e-07	0.3003802189	0.6992178517	0.0003025298896	
0.0001202218638	6.364053586e-07	0.5288436141	0.4710299013	5.626403564e-06	
0.0001157264457	6.180735603e-07	0.3484003935	0.6509429342	0.0005403277235	
1.179558895e-05	7.447639937e-07	0.4099779793	0.5900010248	8.455561452e-06	
0.0001075686332	4.374280464e-07	0.9269887534	0.07290319559	4.499242665e-08	
0.0001039546018	3.761820274e-07	0.3026641496	0.697228932	2.587679757e-06	
0.0001263946381	3.036869977e-07	0.5314394414	0.4684338123	4.799654599e-08	
0.0001219620466	2.956510532e-07	0.3509554973	0.6489176246	4.620439106e-06	
0.08001574584	8.194867679e-08	0.852382093	0.06759498643	7.092817955e-06	
0.07665219548	0.0001326767959	0.04388206747	0.8785875203	0.0007455399442	
0.07713437013	7.029877773e-08	0.2776100889	0.644848555	0.000406915596	
0.09244606383	5.594116222e-08	0.4804891681	0.4270572724	7.439767223e-06	
0.08930870607	5.45247945e-08	0.3176809614	0.5922932404	0.0007170376062	
0.4985966902	2.92665251e-08	0.4449227503	0.05647899546	1.534746798e-06	
0.4253025921	1.657536202e-08	0.548076424	0.02662094732	1.997100403e-08	
0.5071461082	1.994138277e-08	0.447278891	0.04557260508	2.375812594e-06	
0.3540905352	0.4006738798	0.0001665527099	0.2440956803	0.0009733520203	
0.4238938542	0.4684790405	0.001043176532	0.1063932939	0.0001906348975	
0.3268811246	0.6377979965	0.0005262160371	0.03455782585	0.0002368370624	
0.3391661488	0.4950752595	0.004688417474	0.1610663953	3.778907605e-06	
0.4866602492	1.687812566e-08	0.2118836343	0.3014547396	1.360005881e-06	
0.4571353743	1.599559322e-08	0.1362130078	0.4065241528	0.0001274491534	
0.5203704255	1.208958384e-08	0.2239206926	0.2557066566	2.213192839e-06	
0.00165050517	0.9978367043	2.801908338e-06	2.388649244e-06	0.0005075999882	
0.9924255872	0.003010694843	4.276461559e-05	0.0002505720328	0.00427038128	
0.08773078484	0.911985527	1.942028816e-07	1.727899816e-05	0.0002662150048	
0.06831095341	0.9316825444	4.462298355e-07	3.616463957e-06	2.439450533e-06	
0.08965771274	0.9102903095	1.038375933e-06	6.429327639e-06	4.451002516e-05	
0.03751387092	0.9624533873	9.871705957e-08	6.000754415e-06	2.664234646e-05	
0.05283858498	0.9471171581	4.003056178e-07	1.595983934e-06	4.226062349e-05	
0.06939683793	0.9305883782	4.514604687e-06	9.415705999e-06	8.53529144e-07	
2.437857347e-05	0.9999565527	2.038376012e-06	1.505491406e-05	1.975392574e-06	
0.1846164091	0.02129447985	0.07993691695	0.3921834695	0.3219687246	
0.00250531168	0.9902062106	5.572574631e-05	0.004151572709	0.003081179267	
0.001922731715	0.9970667944	0.0001262052503	0.000856439769	2.782883637e-05	
6.402972877e-07	0.9949893347	2.686006202e-06	0.004999224628	8.114371254e-06	
0.002577650601	0.9950485332	0.0002999725272	0.001555200161	0.0005186434782	
0.00102235448	0.9972803943	2.703287964e-05	0.001375941025	0.0002942773148	
0.001463748749	0.9975783463	0.0001114288166	0.0003719873871	0.0004744887789	
0.001950632218	0.9945377817	0.001275104898	0.002226757591	9.72363736e-06	
6.387224805e-07	0.9961230614	0.000536634621	0.00331868884	2.097645128e-05	
0.7640255445	0.001515297692	0.0004313716449	0.2208807739	0.01314701227	
0.9240599672	0.002404539517	0.001539602025	0.07180876251	0.0001871287422	
0.000729279497	0.005686656127	7.765491309e-05	0.9933770997	0.0001293097289	
0.8985002288	0.001740462246	0.002654148454	0.09457570494	0.002529455538	
0.8036046028	0.003933547438	0.0005393650568	0.1886860885	0.003236396188	
0.9485649242	0.003243946911	0.001832937379	0.04205599286	0.004302198617	
0.8207630066	0.002099857709	0.01361876983	0.1634611211	5.724467839e-05	
0.001067142817	0.008351212565	0.02275823704	0.9673330574	0.0004903501887	
0.1002261127	0.8936753833	8.578398948e-06	0.00607561259	1.431307823e-05	
3.599284892e-05	0.9617148734	1.968829886e-07	0.03824443629	4.500546328e-06	
0.1295020671	0.8595878368	1.965172846e-05	0.01063334723	0.0002570972163	
0.07839182863	0.9186384477	7.781590943e-06	0.00271121229	0.00025072983	
0.1007757695	0.8834772329	8.590001998e-05	0.01565614097	4.956616122e-06	
3.632990142e-05	0.9742229543	3.98013063e-05	0.02568914227	1.177225977e-05	
0.9161043103	0.08283017173	0.001009616904	4.08088084e-05	1.509230567e-05	
2.829383162e-05	0.9918900971	4.567182193e-07	0.008081110693	4.163532236e-08	
0.1027614	0.8949221428	4.601703885e-05	0.00226803921	2.400887662e-06	
0.04337292232	0.9544858343	4.413068958e-06	0.002135380642	1.449675901e-06	
0.06103277035	0.9383796623	1.787826161e-05	0.0005673918108	2.29730918e-06	
0.0797036578	0.9167674227	0.0002004841284	0.003328389193	4.613479215e-08	
2.826651734e-05	0.9945076364	9.138396812e-05	0.005372605325	1.077926315e-07	
0.8913515199	0.1057387872	0.002898847031	1.067296898e-05	1.728147586e-07	
3.775769352e-05	0.9853531261	1.080589466e-06	0.01460726326	7.724033327e-07	
1.496803581e-05	0.9870674185	9.733150957e-08	0.01291707805	4.380401339e-07	
2.162768799e-05	0.9964529541	4.048917394e-07	0.003524300478	7.127928172e-07	
2.840842447e-05	0.9791726363	4.566836976e-06	0.02079437407	1.439773973e-08	
9.194344294e-09	0.9693659971	1.899700284e-06	0.0306320633	3.069971812e-08	
0.05730896589	0.9388323087	1.033816125e-05	0.003821759002	2.662829269e-05	
0.08026317796	0.9186424423	4.16847553e-05	0.00101069575	4.199922059e-05	
3.779983762e-05	0.9900118781	0.000216663794	0.009731654401	2.003896193e-06	
0.9139991658	0.08071342324	0.00527012346	1.482402523e-05	2.463463513e-06	
0.03338810949	0.9656451101	3.939908237e-06	0.0009378469883	2.499350223e-05	
1.49791176e-05	0.9913619884	1.95081467e-05	0.008602388349	1.136009397e-06	
2.157379945e-05	0.9975561946	8.08903277e-05	0.002339498732	1.842580455e-06	
2.848000655e-05	0.9851814685	0.0009169582921	0.01387305579	3.740536174e-08	
0.9983271626	4.025838773e-07	0.001153531057	2.951972767e-08	0.000518874199	
0.9997416606	3.913878577e-06	0.0002412740969	1.111298522e-08	1.314028649e-05	
0.9997469452	6.144398731e-07	0.0002394484337	1.092269902e-08	1.298103267e-05	
0.9997869776	1.851534477e-07	0.0001509667484	9.21492007e-09	6.186129244e-05	
0.9999768712	1.461677934e-05	2.492625267e-08	7.468214067e-07	7.740296711e-06	
0.9996412149	7.785963215e-07	0.0003422045818	1.317394642e-08	1.578876893e-05	
0.9997203498	3.422492199e-08	0.0002654450609	1.14152503e-08	1.415953272e-05	
0.999234221	4.465445927e-06	0.0007135700189	2.064570432e-08	4.772290693e-05	
0.9997421651	1.02659728e-06	0.0002437048855	1.105251055e-08	1.309240636e-05	
0.9997264054	3.235574512e-07	0.000251386771	1.115547522e-08	2.187313742e-05	
0.9996597869	3.97134342e-08	0.0003107793808	1.243309183e-08	2.938153569e-05	
0.9997788039	3.210643771e-08	0.0002073141211	1.044199516e-08	1.383940823e-05	
0.9999239666	9.369336274e-06	5.42581047e-05	7.533204636e-09	1.239844144e-05	
0.4740127649	4.669784486e-05	0.01858491613	4.120423754e-07	0.5073552091	
0.201370635	4.355575366e-06	0.7986247991	1.026098396e-08	2.001209078e-07	
0.2025965194	6.879408842e-07	0.7974025837	1.014662905e-08	1.988980009e-07	
0.2872399183	2.938995746e-07	0.7127584319	1.213609071e-08	1.343802947e-06	
0.1509306152	6.494943412e-07	0.8490685459	9.117987743e-09	1.802439676e-07	
0.1864506534	3.526611989e-08	0.8135491019	9.759346519e-09	1.996703502e-07	
0.07852192135	1.938734278e-06	0.9214758489	7.437093554e-09	2.835500901e-07	
0.1997640594	1.133337582e-06	0.8002345993	1.012372189e-08	1.978008269e-07	
0.194846756	3.484121227e-07	0.8051525633	9.966668538e-09	3.223312252e-07	
0.1636966858	3.592981194e-08	0.8363029052	9.332902492e-09	3.637821932e-07	
0.2268807388	4.025461339e-08	0.7731189727	1.086243304e-08	2.37460022e-07	
0.001549449168	8.433618846e-07	0.9983243067	6.174177357e-09	0.0001253945614	
0.5488144748	1.80917578e-05	0.4511674095	1.033281962e-08	1.362548126e-08	
0.6586358676	6.542377625e-06	0.3413575017	1.046123323e-08	7.792270634e-08	
0.9991298777	0.0007833387028	8.548289712e-05	1.285885086e-06	1.478756738e-08	
0.4597646766	1.920744942e-05	0.5402160916	1.044144851e-08	1.388503099e-08	
0.5231892294	9.607018611e-07	0.4768097854	1.029482838e-08	1.416890604e-08	
0.2897432536	6.945072298e-05	0.7101872589	1.031642314e-08	2.645940415e-08	
0.5444402705	2.998667025e-05	0.4555297189	1.037233608e-08	1.36329187e-08	
0.5367403265	9.317520809e-06	0.4632503232	1.032106586e-08	2.245439101e-08	
0.4837775814	1.030853296e-06	0.5162213501	1.0368742e-08	2.71878675e-08	
0.5842037173	1.006279015e-06	0.4157952505	1.051470974e-08	1.546268994e-08	
0.007375652468	3.897383559e-05	0.9925702678	1.104856055e-08	1.509488011e-05	
0.6603463478	1.029749898e-06	0.339652535	1.030875508e-08	7.717782651e-08	
0.9997907719	0.0001230570527	8.489173632e-05	1.264696367e-06	1.461793504e-08	
0.4616605835	3.027796202e-06	0.5383363646	1.030492605e-08	1.377324147e-08	
0.5250854267	1.513664234e-07	0.4749143977	1.015517041e-08	1.404784167e-08	
0.2913269331	1.096260642e-05	0.7086620678	1.01951445e-08	2.628145939e-08	
0.5463385528	4.723996833e-06	0.4536566995	1.023022348e-08	1.351458036e-08	
0.5386339423	1.46791061e-06	0.4613645574	1.018007493e-08	2.226039598e-08	
0.4856764309	1.624680246e-07	0.5143233695	1.023114623e-08	2.69636417e-08	
0.5860493347	1.584740015e-07	0.4139504811	1.036726223e-08	1.532346646e-08	
0.8439423364	6.658712627e-05	0.1559910459	1.07690131e-08	1.976615247e-08	
0.007431753185	6.165009194e-06	0.9925470456	1.094191829e-08	1.50252814e-05	
0.9999082523	3.708451133e-05	5.352643951e-05	1.067042005e-06	6.966736951e-08	
0.5763144777	1.138933575e-06	0.4236842906	1.085240092e-08	8.193420636e-08	
0.636856091	5.531920289e-08	0.3631437621	1.039065137e-08	8.11920117e-08	
0.3946943589	4.475371867e-06	0.6053009844	1.165246706e-08	1.696766638e-07	
0.6563817814	1.710170028e-06	0.3436164207	1.03686928e-08	7.73730277e-08	
0.649345672	5.332328116e-07	0.3506536565	1.035326723e-08	1.278814273e-07	
0.5996503347	6.044410825e-08	0.4003494356	1.065662197e-08	1.586433807e-07	
0.691891178	5.637631206e-08	0.3081086691	1.032551961e-08	8.620907683e-08	
0.8956126059	2.129279725e-05	0.1043659917	9.641121263e-09	9.995900427e-08	
0.01173573709	2.933511836e-06	0.9881482483	1.457661815e-08	0.0001130665301	
0.9997211914	0.0001559391535	0.0001213262969	1.525414617e-06	1.77803686e-08	
0.9998976859	6.855317569e-06	9.4120897e-05	1.32190345e-06	1.594717275e-08	
0.9997067261	0.0002055856486	8.639392758e-05	1.279625274e-06	1.474218401e-08	
0.9998447474	6.480535474e-05	8.91308819e-05	1.29174488e-06	2.463316604e-08	
0.9998803718	7.955021272e-06	0.0001102002033	1.43983335e-06	3.309238428e-08	
0.9999188383	6.430741136e-06	7.350621964e-05	1.209153895e-06	1.558605096e-08	
0.436162709	1.593408042e-07	0.5638371073	1.01750755e-08	1.419427217e-08	
0.2233720135	1.065223732e-05	0.7766173003	9.429167834e-09	2.451221503e-08	
0.45728249	5.01084779e-06	0.542712475	1.032855826e-08	1.375974062e-08	
0.4495889509	1.55274597e-06	0.5504094635	1.024954875e-08	2.260162973e-08	
0.3978368708	1.686571631e-07	0.6021629235	1.010913863e-08	2.686714428e-08	
0.4976202178	1.705299845e-07	0.5023795852	1.061841713e-08	1.582726303e-08	
0.7909614514	7.908820255e-05	0.2089594257	1.217447685e-08	2.253458909e-08	
0.005211266608	5.478537413e-06	0.9947704294	9.255019541e-09	1.281620917e-05	
0.270511321	5.670133186e-07	0.7294880755	9.893847665e-09	2.661984471e-08	
0.5206884606	2.507842929e-07	0.4793112644	1.018986081e-08	1.404979223e-08	
0.5129348716	7.786508232e-08	0.4870650173	1.013179766e-08	2.31234497e-08	
0.4599842479	8.571137471e-09	0.5400157055	1.012715014e-08	2.785644621e-08	
0.5608373602	8.447640287e-09	0.439162605	1.036892823e-08	1.599598592e-08	
0.8299351198	3.647508146e-06	0.1700612005	1.106813123e-08	2.120336266e-08	
0.006708663582	3.099938615e-07	0.993276221	1.03229834e-08	1.479512307e-05	
0.2876996083	1.808819583e-05	0.7122822671	1.018790924e-08	2.617703305e-08	
0.281382226	5.575846175e-06	0.7186121453	1.005718507e-08	4.277364522e-08	
0.2405318481	5.850617293e-07	0.7594675082	9.582357621e-09	4.911843725e-08	
0.3219556616	6.330356146e-07	0.6780436636	1.077081327e-08	3.096416301e-08	
0.00250489127	1.510913357e-05	0.9974613649	6.974508245e-09	1.862776066e-05	
0.5342506941	2.432617253e-06	0.4657468408	1.021728248e-08	2.226878762e-08	
0.4812750456	2.689905424e-07	0.5187246482	1.025896753e-08	2.694865986e-08	
0.5817672178	2.628426804e-07	0.4182324936	1.041387116e-08	1.534208555e-08	
0.8415705104	0.0001109406746	0.1583185182	1.086642504e-08	1.987980801e-08	
0.007302838521	1.012178116e-05	0.9926721374	1.08799509e-08	1.489139364e-05	
0.4735285334	8.341573151e-08	0.5264713287	1.018803549e-08	4.429844013e-08	
0.5741936908	8.176420163e-08	0.4258061917	1.037421765e-08	2.529833984e-08	
0.8374527445	3.479515264e-05	0.1625124164	1.091416396e-08	3.305068298e-08	
0.007081131988	3.093328747e-06	0.9928916403	1.064809485e-08	2.412374822e-05	
0.5216926593	9.118732788e-09	0.4783072902	1.050586149e-08	3.087739708e-08	
0.005735252655	3.075324317e-07	0.9942381828	9.612620178e-09	2.624744311e-05	
0.8620467191	3.553916287e-06	0.1379496949	1.051558931e-08	2.152457615e-08	
0.008574111437	3.716468587e-07	0.9914070243	1.206788032e-08	1.848055025e-05	
